Iteration	COC_Opt	Pt	Ru	Rh	Ir	Re	Os	Pd	Au
1	-0.20264188476562425	0.04306861138150431	0.012454425893435594	0.16045444176452095	0.09196668856067503	0.05614359120677925	0.030911276998179527	0.1312983649772539	0.47370259921765145
2	-0.11878755859375065	0.00818302350333755	0.13300172356953055	0.18520871339959855	0.2131062830366336	0.1110288261260357	0.0651298745725114	0.01777184241932883	0.2665697133730238
3	-0.32720554687499837	0.12438732789564244	0.3297369978569089	0.10958908008078061	0.021960241042554896	0.22376418552394317	0.0363454107801916	0.1525715832920016	0.0016451735279767732
4	-0.4201405859374998	0.14637171606135493	0.3570366336530524	0.09077406765549932	8.81554187039593e-06	0.2278948522626561	0.012507346501757652	0.16539124490422644	1.532341958276895e-05
5	-0.6291113964843744	0.17384497193480145	0.3628180715926343	0.033388588405363386	0.005054011174847286	0.17817614852361066	0.019247677102261364	0.22747052462817818	6.638303351458319e-09
6	-0.7252111035156209	0.2110795085067524	0.3217912440498692	0.0003126458698257319	0.019074389764852845	0.08808346165981837	0.002094185963742399	0.3565575054044877	0.0010070587806512155
7	-0.6798095898437492	0.15772644950665884	0.47661322367458353	0.008357494036247894	0.0125053386713557	0.0019994959108375994	0.05132531849454047	0.2914723857697707	2.939360053133555e-07
8	-0.7855192871093728	0.35458250194842617	0.3551853552716745	0.021109940455628615	0.002336236274987498	0.0612689271981264	0.02816944565695762	0.177347276707587	3.16486612139677e-07
9	-0.8041033300781228	0.519693666650868	0.10184063554460815	0.0182569853532598	0.0008101540369902299	0.023216767471427566	0.010246998505398945	0.32592755842424564	7.234013201573575e-06
10	-0.7068501367187496	0.7516172566940872	0.10597552257684871	0.034048512396718154	0.009832953478207411	0.019103298001786083	0.005026619403788876	0.07437790352218049	1.7933926383051357e-05
11	-0.751150263671874	0.4358302931477953	0.2376987889277868	0.011335514994172464	0.0042236455915446785	0.01280090332856045	0.05783931592830693	0.2398655624570512	0.0004059756247820623
12	-0.937250566406248	0.4981065873512778	0.006195735942231167	0.00017986692172079153	0.029415814788171842	0.17941626709599784	0.022535949966349684	0.2617266149336472	0.0024231630006037452
13	-0.869997431640626	0.5652677444416571	0.056128332971647446	0.016693907272050137	0.0830885295399837	0.259238088645775	0.003393564901733384	0.016189613530475003	2.1869667832241646e-07
14	-0.4839364257812525	0.5832516618677812	0.016785383992628872	0.0014457731377950358	0.32240853912406153	0.04985274306972145	0.0063664629416607145	0.019807415163410492	8.202070294072161e-05
15	-0.8745434082031214	0.32635122122970556	0.05327429500780794	0.017690475533814	0.016845221457121085	0.40868881375686417	0.0010274308897698656	0.1756983980262352	0.0004241440986821887
16	-0.6168895996093744	0.11628537486840049	0.07283298024888434	0.00371594124073833	0.003376737406961732	0.043219856628550754	0.7188353797435231	0.04173370630934174	2.3553599626247035e-08
17	-0.8203367285156229	0.41609514360469985	0.03700376053018911	0.005376482624698435	0.09491003381239103	0.30233602194127895	0.009787476744826412	0.1341441023481299	0.00034697839378639017
18	-0.8537446777343751	0.549355681781945	0.002743584804732045	0.016955097471868165	0.0023207867626612705	0.11089202090661043	0.2945882807724814	0.0219800881835924	0.001164459316109201
19	-0.7357797753906241	0.27993163186595155	0.010220656118514788	0.02885601323559498	0.013599100892619911	0.5123767013779796	0.13616886562505176	0.017843515339563708	0.0010035155447236654
20	-0.8618137597656238	0.4947183218442277	0.07530153973211921	0.009883508362197166	0.017263979803886102	0.27482058606381327	0.11808483688135606	0.009870480624498593	5.674668790189852e-05
21	-0.26162126953124976	0.05768334814794846	0.029204452581020807	0.0029633268058442265	0.01495222125109101	0.08490820825016861	0.011817707203430203	0.7982008502086821	0.00026988555181450824
22	-0.15240025390625017	0.0	0.020204700060635607	0.039391877756314794	0.8953667638808529	0.0258949192341343	0.00239414362551652	0.016517065876274453	0.0002305295662714535
23	-0.5895897265625	0.09852037253212412	0.0	0.0	0.0	0.7449748623156189	0.0	0.15589413281437836	0.0006106323378786138
24	-0.7661312207031238	0.46077056251427484	0.011277940871942881	0.08605564495966343	0.006586131368004595	0.3453252635743595	0.003578981868959832	0.08628002008194288	0.00012545476085190632
25	-0.13558756835937502	0.03346592224673059	0.9303345712610114	0.0	0.0	0.0	0.0	0.033287530162254914	0.0029119763300030632
26	-0.8600375292968753	0.45682739883407936	0.0	0.0	0.0	0.03627231497691479	0.5068964277405125	0.0	3.858448493376798e-06
27	-0.8267361230468728	0.16878199172457073	0.0	0.0	0.0002696432211908164	0.011001265473218245	0.49534523352801396	0.3242840381529915	0.00031782790001466665
28	-0.9341729394531212	0.4801502510761527	0.07872590494146711	0.004037984482875173	0.0002802193392276261	0.1705226335783629	0.018629284416855865	0.24640945531117817	0.0012442668538803492
29	-0.19312582031249986	0.035076889118818476	0.0	0.021285872863108696	0.0	0.48525650484594124	0.39831082077581115	0.060046828463628805	2.308393269156994e-05
30	-0.932478388671873	0.3553318347907085	0.0	0.0	0.026354327222469633	0.0	0.44809669663675733	0.16972673474384553	0.0004904066062190182
31	-0.8703080859375008	0.7984093091900186	0.0	0.0	0.0	0.19971667215315655	0.0	0.001867842116645205	6.176540179536616e-06
32	-0.9389967968749973	0.5887150356659591	0.0	0.0	0.0	1.343493016568412e-05	0.22361716688995667	0.18764192946242456	1.243305149400964e-05
33	-0.6412030957031248	0.3036161809987532	0.27607606092016085	0.0036363760046318784	0.007287844122377724	0.0021447940172257766	0.34019118022888073	0.06662844939539543	0.0004191143125743535
34	-0.8422472070312506	0.6294637767308751	0.0	0.0	0.02771035368592252	0.1713852077864839	0.09667749568616613	0.07371615122424391	0.0010470148863084283
35	-0.8932923535156253	0.5788085096038224	0.006867533031059351	0.0	0.0	0.37699147201079314	0.0002810306394136961	0.0357285307238088	0.0013229239911026758
36	-0.9600276464843706	0.4290310395992601	0.006893454394452273	0.0	0.0	0.08828806546697479	0.17594895340073202	0.2997096194211772	0.00012886771740361347
37	-0.9379084570312473	0.4304948585154619	0.0	0.0	0.0	0.05463996047913294	0.2869900580645222	0.22774129602007195	0.00013382692081098657
38	-0.9370532519531232	0.5010277981022194	0.0	0.0	0.0	0.3168851156490879	0.0027469188308389134	0.17775381284513886	0.001586354572715054
39	-0.7282867089843752	0.503812314168536	0.11344263377618642	0.0	0.008402099997481552	0.29917940435324675	0.0	0.07451642354607099	0.0006471241584782295
40	-0.9632363867187456	0.4459565330020238	0.04761460707706498	0.0	0.011009145967868665	0.04321353340860717	0.2730188052759116	0.1790814510361297	0.00010592423239408344
41	-0.9130724414062484	0.43399345658910954	0.0	0.009452093349040272	0.0	0.2725321726020515	0.058150221988831005	0.2211151093836251	0.004756946087342562
42	-0.9255726757812475	0.47966029974673824	0.0	0.0	0.0	0.08260551891276705	0.16184464772630677	0.2751013698487746	0.0007881637654132412
43	-0.9359905859374958	0.36083211277863547	0.0	0.0	0.004449638556758	0.054755350042535414	0.24473146395663292	0.3346662314048484	0.0005652032605897306
44	-0.9246420410156223	0.48379569290177993	0.0006607805610446187	0.0023687444982144487	0.0007116733311250208	0.12562297418437088	0.21229729164382244	0.17433692786764857	0.00020591501199418438
45	-0.9411095800781193	0.3868883127649056	0.07937054785777312	0.009008283940662404	0.007345820844739027	0.15266738165339397	0.14846133094950476	0.21603988862872478	0.00021843336029636617
46	-0.9269244335937461	0.45445196034770424	0.0006338889091084572	0.0	0.0	0.12251110827091385	0.1098481635070594	0.31226174099525184	0.0002931379699622205
47	-0.931383349609372	0.5151321084888144	0.0	0.0	0.0	0.10527545868010942	0.15248079811428464	0.2181828689775073	0.00892876573928425
48	-0.9243924218749937	0.3621949167152616	0.0006680353881137488	0.03163976176981677	0.005753507882384295	0.138664895929027	0.14421357061961615	0.3167061339986946	0.00015917769708595486
49	-0.9166606445312483	0.4820306259813341	0.03762428898316515	0.0	0.0	0.13543775288163074	0.23929365232442976	0.10366410249733302	0.0019495773321072107
50	-0.9379069433593716	0.4250728216729492	0.009511721060653074	0.0	0.01942867056873279	0.06515170174727902	0.30052959628734993	0.17976485486721533	0.0005406337958206997
51	-0.9235452636718695	0.3286510428626328	0.02899526291074737	0.0	0.00994013647474472	0.17710324459152516	0.16757641567065515	0.28452440544960855	0.003209492040086248
52	-0.9400311328124947	0.3537416347881321	0.05333306373572732	0.0	0.03112589912162963	0.1475815602041862	0.08518625101554693	0.32903057119600254	1.0199387753262457e-06
53	-0.9303372949218722	0.44796921639107	0.0008642875661668911	0.0	0.006808547849515608	0.08005961841235736	0.26005025850210745	0.2042480111593932	6.011938946670625e-08
54	-0.9130149609375	0.46451939514664525	0.004489035009734268	0.000987895697640646	0.026885421749521604	0.266447528378207	0.11413282226491442	0.1225093741789927	2.8527574344239248e-05
55	-0.9311262304687473	0.4352730844586911	0.00021600741485910908	0.0	0.0	0.07979471752414372	0.25757100117746634	0.22670459551257593	0.0004405939122638092
56	-0.1720127441406244	0.031966829321260416	0.005277005434980483	0.7641800069918044	0.0074734658844797415	0.0523078404052976	0.12980207005651664	0.008884987675774825	0.00010779422988582699
57	-0.9642167480468744	0.428803746563076	0.0	0.0	0.0	0.0	0.2183249656111484	0.13325517040164545	0.21961611742413012
58	-0.9795992675781198	0.34911695986018837	0.06819401384712988	0.005619435620629308	6.649823881173398e-05	0.03948920274024825	0.2195434893788968	0.3179678201268228	2.5801872728381525e-06
59	-0.9379909179687479	0.49589047445000994	0.004454336948825188	0.0	0.0	0.0	0.35873386609745306	0.1408234014444357	9.792105927608485e-05
60	-0.9114493457031264	0.46953292844580735	0.0	0.0	0.0	0.09686324922659405	0.0	0.0	0.43360382232759864
61	-0.5641753125000001	0.4158324736012767	0.014152453390186608	0.0003827926365479132	0.19219771142217024	0.013958941550829967	0.356275500896431	0.006030122957903722	0.001170003544653908
62	-0.9687428320312451	0.3806762262829016	0.06201646891331559	0.0	0.0	0.0745020802721925	0.17333340180243173	0.29089682306408465	0.01857499966507392
63	-0.7342207617187505	0.5034238605125069	0.0	0.1253339805839382	0.0	0.0	0.20446176897249368	0.16303094491416512	0.0037494450168961135
64	-0.9984577246093757	0.39017185668386856	0.0	0.0	0.0	0.12523178274975139	0.0	0.24391042038481342	0.24068594018156664
65	-1.0372501074218756	0.34202805802125336	0.0	0.0	0.0	0.0	0.1376086368080432	0.25325346533273696	0.26710983983796655
66	-1.0054694726562523	0.33859207920842643	0.0	0.0	0.0	0.0	0.07809634994589607	0.2496829739649917	0.3336285968806858
67	-1.0301563476562496	0.3127090327716263	0.005259793479818701	0.0	0.0	0.0	0.1857007468816893	0.25166208586656746	0.24466834100029822
68	-1.0170743164062508	0.33748788632668575	0.0	0.0	0.0	0.0	0.16617096448296256	0.2595512567073877	0.2367898924829639
69	-0.9487827832031241	0.32930000607857546	0.0	0.0	0.0	0.03194382276249726	0.13690668583377255	0.22715447304621383	0.2746950122789409
70	-0.9824201855468752	0.34907669921612205	0.0	0.0	0.0	0.0	0.16534655929402056	0.2748576363337491	0.21071910515610837
71	-1.0222388964843754	0.3505959611596027	0.0	0.0	0.0	0.0	0.16517782373132137	0.25907748205160996	0.22514873305746597
72	-1.0198900195312506	0.3495669734995348	0.0	0.0	0.0	0.0	0.16819970352672542	0.26138707189496563	0.2208462510787741
73	-1.0000172949218749	0.34598599154418774	0.006740338079281698	0.0	0.0	0.0	0.1783474064287349	0.2634747195955931	0.2054515443522026
74	-1.0019927734375	0.3453079229883606	0.007497632207829833	0.0	0.0	0.0	0.17137831286325592	0.2644663943873209	0.21134973755323272
75	-1.0288904785156252	0.34687777333019515	0.0	0.0	0.0	0.0	0.1544496110364966	0.2671301387072376	0.23154247692607055
76	-0.9180667285156213	0.3822965335477163	0.0	0.0	0.0	0.2550047451962574	0.0	0.36057678064580156	0.0021219406102247484
77	-1.041044501953125	0.35031294501610427	0.0	0.0	0.0	0.0	0.13783278149256295	0.27317035783147564	0.23868391565985714
78	-1.0586465722656229	0.35161351430666	0.0	0.0	0.0	0.0	0.11708938332434808	0.28580975378242607	0.24548734858656585
79	-1.0510372656249984	0.3464431116309525	0.0	0.0	0.0	0.0	0.0880043060733698	0.31187689513888084	0.2536756871567969
80	-1.0206780078124995	0.33505760575285337	0.0	0.0	0.0	0.0	0.07350564430017238	0.3339469373155278	0.25748981263144644
81	-1.0473431542968734	0.35327271541227423	0.0	0.0	0.0	0.0	0.08872721288067795	0.30667208564714793	0.2513279860598998
82	-1.0478978320312484	0.35628264102561424	0.0	0.0	0.0	0.0	0.08523531854505179	0.3073686963281847	0.25111334410114927
83	-1.0480118749999985	0.3598792900584871	0.0	0.0	0.0	0.0	0.08184142039930456	0.3068582446083232	0.25142104493388506
84	-1.0496248242187487	0.3638411776316157	0.0	0.0	0.0	0.0	0.07820999739622604	0.30551677592175336	0.25243204905040484
85	-1.0465147265624992	0.36898113008393346	0.0	0.0	0.0	0.0	0.07270221151600831	0.30321662698531493	0.25510003141474336
86	-1.037506953124999	0.3913088267870696	0.0	0.0	0.0	0.0	0.0	0.2867749125925181	0.32191626062041234
87	-0.5297436328125018	0.271169884873533	0.05696220686387669	0.0	0.1404835485336439	0.0	0.17270828973442168	0.358675043210595	1.0267839296584924e-06
88	-1.0334623535156247	0.375478114903798	0.0	0.0	0.0	0.0	0.06354429043488449	0.2995703634368571	0.2614072312244604
89	-0.19126938476562524	0.05711934718635553	0.0	0.0	0.34552473832349473	0.5973192366508506	0.0	0.0	3.6677839299059656e-05
90	-0.21021093749999994	0.0	0.0	0.0	0.3106409503986173	0.0	0.6513054319060803	0.03792101570578484	0.00013260198951758895
91	-0.2594061621093744	0.04373992280298378	0.0	0.36694128045148716	0.0	0.0	0.5454351306864564	0.04381465117814217	6.901488093047359e-05
92	-1.0376753417968745	0.3687633233570191	0.0	0.0	0.0	0.0	0.06700478062851746	0.3014994051884258	0.26273249082603767
93	-1.0391832324218744	0.36675375389062714	0.0	0.0	0.0	0.0	0.06971867908229908	0.3020179755738586	0.2615095914532152
94	-1.0404381738281245	0.36554535042416647	0.0	0.0	0.0	0.0	0.07181595995967716	0.3022902675519168	0.2603484220642396
95	-1.0491980566406243	0.36471666857272034	0.0	0.0	0.0	0.0	0.07355840540355199	0.3024499397924844	0.25927498623124334
96	-0.8471044042968704	0.18407131687294964	0.0	0.0	0.0	0.4515068843989325	0.0	0.3635429187353599	0.0008788799927579305
97	-0.6404102343750014	0.27955394783013704	0.22320302964691172	0.0	0.0	0.0	0.0	0.0	0.4972430225229513
98	-0.2313715625000003	0.0	0.18283988943872673	0.0	0.0	0.0	0.36262252731591404	0.45446878011893177	6.880312642743025e-05
99	-1.0491980566406243	0.36630238887435074	0.0	0.0	0.0	0.0	0.07356911655721576	0.30230944334408966	0.2578190512243439
100	-0.7041090039062501	0.3862246773159742	0.5736490673862108	0.0	0.012355935177401639	0.018308746089669526	0.0	0.009456121232596044	5.452798147786986e-06
101	-0.7758989746093732	0.2983961371492476	0.022850207038879015	0.0	0.0	0.1696845885558081	0.4631234358346484	0.04592018155871361	2.544986270325289e-05
102	-1.0465147265624992	0.3670891331405044	0.0	0.0	0.0	0.0	0.07333521261528553	0.30209432843541334	0.2574813258087967
103	-1.049642958984374	0.36713527636124066	0.0	0.0	0.0	0.0	0.07416969101064175	0.30201594384306196	0.25667908878505563
104	-0.8902107519531233	0.29804871155168583	0.0	0.0	0.0	0.0	0.34242218489300064	0.23023914807388274	0.12928995548143085
105	-0.7294488964843722	0.32607761798859597	0.0	0.20875471393510067	0.0	0.0	0.0	0.46439146787033525	0.0007762002059681361
106	-0.27159119140624866	0.0	0.0	0.5579562842801407	0.0	0.0	0.022904030312530625	0.4190730161160993	6.666929122944865e-05
107	-0.11708750976562513	0.009802879174652548	0.5736107776306304	0.0	0.41651366405300744	0.0	0.0	0.0	7.267914170960843e-05
108	-0.903982978515625	0.7290351027006241	0.05807345409602165	0.0	0.0	0.0	0.21233909752134458	0.0	0.0005523456820096806
109	-0.8703080859375008	0.4305193599310501	0.0	0.0	0.0	0.5690225260461467	0.0	0.0	0.00045811402280326874
110	-1.0498513085937486	0.367071559384824	0.0	0.0	0.0	0.0	0.07962614419091002	0.3013210404748681	0.2519812559493979
111	-0.9226073828125017	0.6252968017821949	0.0	0.0	0.0	0.0	0.0	0.0	0.37470319821780507
112	-0.7066414355468753	0.5800129284032927	0.07183182990555287	0.3112739383772001	0.0	0.0	0.0	0.03688096827887273	3.350350815667369e-07
113	-0.6625044921875	0.7471290001034919	0.0	0.16247856315756512	0.032917269242599155	0.0	0.05724389583517941	0.0	0.00023127166116432285
114	-1.0478188769531238	0.36728585786620266	0.0	0.0	0.0	0.0	0.08140202576458297	0.29967593694161615	0.2516361794275983
115	-0.4605187109374995	0.14597037908412008	0.0	0.409813695456297	0.0	0.4392599985219849	0.0049250676863862655	0.0	3.085925121182331e-05
116	-1.0478188769531238	0.36736748413226467	0.0	0.0	0.0	0.0	0.08249254145269579	0.29978850566723614	0.25035146874780345
117	-0.7122672265625007	0.608565440488806	0.23021497279265807	0.0	0.0	0.0	0.16121937458095884	0.0	2.1213757717131188e-07
118	-0.7562889550781229	0.3990315274426384	0.0	0.3850769356055431	0.0	0.0	0.0	0.2158894723796508	2.0645721675593975e-06
119	-0.7087958984375	0.3655511649840903	0.060571344227953516	0.5734746427845369	0.0	0.0	0.0	0.0	0.00040284800341927607
120	-1.0478188769531238	0.3678741528615253	0.0	0.0	0.0	0.0	0.08262203027962015	0.2987168118283071	0.2507870050305474
121	-0.49087876953125054	0.27283304101236705	0.28437603335945966	0.42174463227614706	0.0	0.0	0.0	0.021033655355864832	1.2637996161246612e-05
122	-1.0478188769531238	0.3679150332490806	0.0	0.0	0.0	0.0	0.08321756622999334	0.29885436381510466	0.2500130367058214
123	-1.046967255859374	0.36779349340309037	0.0	0.0	0.0	0.0	0.08403889715646894	0.29901529462485454	0.24915231481558608
124	-1.0010991796875004	0.4429107869333868	0.0	0.0	0.0	0.0	0.0	0.2237151335955718	0.33337407947104136
125	-0.2288592285156247	0.0	0.0	0.0	0.0	0.4161868581847409	0.033041832216629936	0.5504383270049604	0.0003329825936687625
126	-1.0473067871093737	0.364423751289902	0.0	0.0	0.0	0.0	0.0850933149126848	0.302315958933984	0.2481669748634292
127	-0.5451010937500003	0.39245090089719276	0.0	0.3653206382763269	0.210225927737138	0.030596274238260498	0.0	0.0	0.0014062588510819207
128	-1.0438561914062485	0.3642774897007623	0.0	0.0	0.0	0.0	0.08557886283078821	0.3024052075995607	0.24773843986888888
129	-1.0438561914062485	0.3638367646086397	0.0	0.0	0.0	0.0	0.0857980275015032	0.30240957465058843	0.24795563323926872
130	-1.0473067871093737	0.36342068284864676	0.0	0.0	0.0	0.0	0.08602760413376846	0.3024020812435014	0.24814963177408345
131	-1.0438561914062485	0.36309962678259794	0.0	0.0	0.0	0.0	0.08674013685559563	0.30250294903796066	0.24765728732384584
132	-1.0438561914062485	0.36271623669388664	0.0	0.0	0.0	0.0	0.08693948471225545	0.30245641018557295	0.24788786840828503
133	-1.0471778906249987	0.3623525988573099	0.0	0.0	0.0	0.0	0.08714784873636856	0.3024011347858162	0.24809841762050533
134	-1.0434985253906235	0.36196756957434234	0.0	0.0	0.0	0.0	0.08786379455468366	0.30245462038676263	0.24771401548421135
135	-1.0469623437499986	0.3616483553737131	0.0	0.0	0.0	0.0	0.087978328419683	0.3023519035429558	0.24802141266364808
136	-1.0432882910156234	0.36122233850847546	0.0	0.0	0.0	0.0	0.08867690367508138	0.30236760602695834	0.24773315178948485
137	-1.0467521093749987	0.36095935176917116	0.0	0.0	0.0	0.0	0.08872417006794817	0.3022301951658662	0.24808628299701452
138	-1.0431104101562485	0.36049750091926974	0.0	0.0	0.0	0.0	0.0894048704565394	0.3022059044761508	0.24789172414804006
139	-1.0371848632812488	0.3694732824245027	0.0	0.0	0.0	0.0	0.0	0.3048267745652866	0.32569994301021066
140	-0.8000186035156266	0.30079804503009194	0.0	0.0	0.0	0.3738504383180141	0.0	0.0	0.3253515166518939
141	-1.0480443652343736	0.3597457106124616	0.0	0.0	0.0	0.0	0.0868203191301464	0.3023107509178641	0.25112321933952797
142	-1.0051493749999976	0.3717044735477628	0.0	0.04867686357978861	0.0	0.0	0.0	0.2959859678348304	0.28363269503761823
143	-1.0480443652343736	0.3588673829828436	0.0	0.0	0.0	0.0	0.08668712520019105	0.3017680805772882	0.25267741123967713
144	-1.0476999218749985	0.3581974045444581	0.0	0.0	0.0	0.0	0.08767899850065339	0.30169567412677184	0.25242792282811677
145	-0.4921244726562522	0.09781656342083671	0.24138126839238522	0.0	0.00497427603397159	0.6558225520613485	0.0	0.0	5.34009145791714e-06
146	-0.9293884374999962	0.44471729411536515	0.0	0.0	0.0	0.0	0.0	0.5537940035064766	0.0014887023781582354
147	-1.0343402148437486	0.39534325169904155	0.0	0.0	0.0	0.0	0.0	0.33813072328745564	0.26652602501350287
148	-0.7384928125000004	0.3690007075556639	0.0	0.2525426878917952	0.0	0.0	0.0	0.0	0.37845660455254093
149	-1.0348507812499985	0.3628689521644196	0.0	0.0	0.0	0.0	0.08912111861742657	0.3080135038781229	0.23999642534003096
150	-1.0399540234374984	0.3626762772193879	0.0	0.0	0.0	0.0	0.08634708247091342	0.30602063241062377	0.2449560078990749
