Iteration	COC_Opt	Pt	Ru	Rh	Ir	Re	Os	Pd	Au
1	-0.25394969726562444	0.09089821626917127	0.05586634378922695	0.1120691888952926	0.26041388976760094	0.24598355229682334	0.1061762016087443	0.049686066156314546	0.07890654121682605
2	-0.5358622167968744	0.16720852043772427	0.11112089714994733	0.1550385312921766	0.007928961417073332	0.22013893886938896	0.02190577783105674	0.2451106210135484	0.07154775198908436
3	-0.17304286132812452	0.026177456239109165	0.10357411289963625	0.19532935993426248	0.20133915017989967	0.028854835297756787	0.2396302373865744	0.17161138064975512	0.03348346741300612
4	-0.6142716992187479	0.18334325205354002	0.11722618251955738	0.1566256241953007	0.0	0.22894616626622644	0.0015402232171864228	0.2697159456681255	0.04260260608006361
5	-0.7916600976562433	0.24156473693716768	0.06887563722690652	0.05270453759650458	0.031813114080376695	0.18142255545742794	0.002912116721128224	0.4206537494892391	5.3552491249275747e-05
6	-0.7174176953124962	0.18945499718246378	0.10774694023060286	0.02925215164356895	0.02372493637701997	0.02878805603785597	0.0031546072647240576	0.6178782982137836	1.3049980873702793e-08
7	-0.8961022070312417	0.35942705344822173	0.06925257850917668	0.036841059820705215	0.0203326774586573	0.09135212567206054	0.00047014634650891467	0.422233412629292	9.094611537752151e-05
8	-0.9567067089843737	0.7047071062601699	0.01593239324674286	0.0023866262734824535	0.0297606165585933	0.055179659772163075	0.035588482453715896	0.15609933959848626	0.0003457758366463004
9	-0.869021982421873	0.6697232259414515	0.042751530928753355	0.0316267288274546	0.039586058543141824	0.12590473853849768	0.01146803244773366	0.0788977472661681	4.1937506799261115e-05
10	-0.9181598535156229	0.618441697297623	0.0025106086464616916	0.005353917758567614	0.021212713840262937	0.07136136565094929	0.0034399508522181183	0.2776654795262655	1.4266427651787872e-05
11	-0.8923162109374992	0.6387360648110331	0.016015221439693177	0.0036842993766950764	0.014862874146025324	0.00010899615802882215	0.2639215710595692	0.062249457083096794	0.00042151592585859543
12	-0.6843192382812483	0.5705109881767997	0.1456670481550958	0.03785456239910545	0.06955896289049501	0.012519950342769648	0.005970305534034215	0.14983952053620175	0.008078661965498446
13	-0.6644756347656241	0.7568900020620742	0.012039072016590838	0.1495605732805399	0.028849046545604343	0.013416559571086475	0.030434244909168743	0.008804707908054304	5.79370688102987e-06
14	-0.7240028027343749	0.20762501834067731	0.0010541384091712481	0.011925550098655868	0.0010754288615235025	0.6057682995810869	0.06457772762482236	0.1077379644498169	0.00023587263424584837
15	-0.907708300781248	0.5274831625608193	0.0	0.0	0.0	0.2170287536130277	0.10497647285784313	0.15023608967247673	0.00027552129583319207
16	-0.9455602539062442	0.3390635380741175	0.01625494820891367	0.00477623608961455	0.005951578793137233	0.005629915726231448	0.2714657347434848	0.35678524830243113	7.280006206977774e-05
17	-0.7820174316406223	0.17127959382691735	0.0	0.0	0.0	0.22126102408562487	0.08717804145327342	0.5175749915251053	0.002706349109079076
18	-0.9370072460937472	0.5231647608133911	0.0	0.0	0.0	0.13255833277019263	0.0339802010775319	0.3057582088445248	0.004538496494359556
19	-0.937288203124997	0.47801671147257724	0.008583380220459775	0.009616416749612475	0.03654413358525542	0.06231692883970596	0.006081673972804273	0.39879737860713826	4.337655244657235e-05
20	-0.8807718652343767	0.85293371198053	0.008974307853845495	0.011560522070568452	0.045998081471569176	0.06365213370066312	0.009196968683535279	0.007637583062876156	4.669117641231679e-05
21	-0.8278621191406245	0.3372858673205538	0.022153883212743676	0.012427971874785896	0.04153862304631112	0.0035407412066318653	0.5253288793869533	0.05764565003221603	7.838391980430348e-05
22	-0.1930275683593749	0.02467676583399395	0.0019896017523870317	0.006314986762509474	0.008359063103833362	0.023257439432991814	0.894227224309569	0.03410493984856053	0.007069978956154799
23	-0.7743277246093726	0.42678385336459673	0.12146284810308454	0.010057758122539152	0.0040137399885677785	0.011444677789832587	0.022306484625180943	0.4039119675688666	1.8670437331613776e-05
24	-0.9117886328124958	0.36076755925561016	0.0038534862568538465	0.02005749490155128	0.0024963048146264214	0.10757536648570458	0.10190607409462585	0.40303267210793403	0.00031104208309384873
25	-0.9510638964843713	0.44443160734928183	0.0	0.0	0.013773758099639686	0.0045306913643567495	0.25807549994185647	0.27904554065329074	0.0001429025915744564
26	-0.8729024218750007	0.6779462150048646	0.0	0.0	0.0	0.2854328911118606	7.334594713738828e-06	0.035099114087372936	0.0015144452011881526
27	-0.9379776074218722	0.5385943882830625	0.0	0.0	0.0	0.0006387728104651045	0.2662606240932817	0.19450482167664257	1.3931365481223423e-06
28	-0.5723150683593751	0.4083366496594528	0.0032316303926571764	0.00971867752680491	0.526042019350354	0.0001244957853338559	0.007159485445008971	0.04538308065488276	3.961185505496623e-06
29	-0.9421254199218723	0.461427819186936	0.0	0.0	0.0	0.0	0.33509892428993837	0.20180163641422547	0.001671620108900207
30	-0.08542196289062501	0.0038878557015022967	0.8836269615236123	0.005386551103810391	0.009824807299467782	0.03405760663404614	0.037789628544850094	0.02460226033892752	0.0008243288537834736
31	-0.9118100781249965	0.4405967051583511	0.0	0.0	0.0	0.010115295698001618	0.0	0.5464452101379993	0.002842789005647939
32	-0.9177512695312463	0.3766992499770795	0.0	0.0	0.0004850100092979284	0.23417552093086055	0.000142335027147829	0.38844693289017695	5.0951165437296275e-05
33	-0.9299648046874974	0.431993164955554	0.0	0.0	0.014125173506370488	0.030663528444858923	0.28207869989425216	0.2411268527126134	1.258048635111031e-05
34	-0.8006651269531233	0.5680052767898903	0.0	0.0	0.10651287298729001	0.07610417868605954	0.016545758202480852	0.23212446979662477	0.0007074435376543953
35	-0.9109484374999955	0.4670844066926759	0.0	0.0	0.0	0.018789553065046708	0.08257948259301827	0.4315404434344101	6.114214848973454e-06
36	-0.9126874121093741	0.7498297015446036	0.0	0.0	0.0	0.02412679140462598	0.06885878598396887	0.157110781968086	7.39390987155586e-05
37	-0.9399156249999961	0.38094787943204456	0.0	0.0	0.0	0.008419671538668405	0.2957165641493636	0.31326203325616475	0.0016538516237586398
38	-0.9319512890624962	0.6564355121995219	0.0	0.0	0.0	0.005553562285702845	0.003034838935784331	0.3349347220422796	4.1364536711330224e-05
39	-0.9396377832031229	0.6670180010047785	0.0	0.0	0.0	0.10080132145890511	0.010741565464784995	0.22134745062504196	9.166144648942165e-05
40	-0.9351995117187475	0.46154019628411486	0.0	0.0	0.0	0.03717896737968733	0.2635288080277194	0.23715855366727215	0.000593474641206293
41	-0.9179276074218713	0.4645719507417066	0.0	0.0	0.0	0.09951007978258015	0.029403198912625127	0.4065137855632402	9.84999847908341e-07
42	-0.8748979394531263	0.9817995712323649	0.0	0.0	0.0	0.0036299149223850387	0.001746331607762294	0.012822601137772435	1.5810997152643225e-06
43	-0.9177512695312463	0.4633039168541095	0.0	0.0	0.0	0.15915206562294354	0.0008847633142291622	0.3766578121929161	1.442015801655927e-06
44	-0.857694091796875	0.6950211390978659	0.0	0.0	0.0	0.09017742102655124	0.17262831422338004	0.03960233587554996	0.0025707897766529264
45	-0.9459860156249965	0.4355158931506012	0.0	0.0	0.0	0.03730165803953247	0.22377251289631572	0.3034050777172181	4.858196332557796e-06
46	-0.9323225781249974	0.42075756984100643	0.0027426660703577734	0.0	0.0	0.030484564266417685	0.30412109916182456	0.2418904027382949	3.697922098755413e-06
47	-0.9329314257812483	0.7958402739278415	0.0	0.0	0.0	0.011810970939392358	0.0009250697552536303	0.19072777719093006	0.0006959081865824945
48	-0.9244966894531212	0.5204107293676395	0.0	0.0	0.0	0.12777402216782205	0.00032830056373960443	0.3513641148279817	0.00012283307281713007
49	-0.9367413183593709	0.386706102309082	0.00226171588026384	0.001169786864003719	0.01446441248370981	0.03399842195725319	0.23198253772493985	0.3294127464397031	4.276341044495702e-06
50	-0.9240816210937486	0.4541264900315185	0.06490510543968483	0.0	0.0	0.061416994518883376	0.30820411841388096	0.11134545689698158	1.8346990506845628e-06
51	-1.0139039453124994	0.33879775842211945	0.0	0.0	0.0	0.0	0.0	0.3983059237215839	0.26289631785629664
52	-0.9761403320312494	0.29889331628009747	0.0	0.0	0.0	0.0	0.0	0.3734190620002971	0.3276876217196054
53	-0.2362927929687506	0.048426915683613604	0.0	0.008544924311624711	0.9405630406862653	0.0003220190535192447	0.0	0.002115060009404423	2.8040255572681083e-05
54	-0.744250634765622	0.3423442860669043	0.0	0.16675456321117488	0.0	0.0	0.0	0.49090112270585556	2.801606524549527e-08
55	-0.9915513476562491	0.31970573795786117	0.0	0.0	0.0	0.0	0.0	0.3400039329590898	0.340290329083049
56	-0.9931023339843743	0.31930467510270844	0.0	0.0	0.0	0.0	0.0	0.349120927207131	0.3315743976901606
57	-0.9995146289062491	0.31925701418348723	0.0	0.0	0.0	0.0	0.0	0.3578428929012505	0.32290009291526234
58	-0.9965803613281241	0.31957862839002205	0.0	0.0	0.0	0.0	0.0	0.3647818925153612	0.31563947909461676
59	-0.23686442382812428	0.0	0.0	1.0	0.0	0.0	0.0	0.0	0.0
60	-0.16249061523437472	0.008800283287095914	0.004480291517550217	0.08312757345190788	0.07090620327433551	0.8074333412839902	0.015844559633887156	0.009392485056152774	1.5262495080325955e-05
61	-0.7088587695312506	0.3570092584491741	0.12664641121328296	0.002685260320397937	0.012220151970302797	0.42048094776192285	0.02561519641259918	0.054374564123643415	0.0009682097486768404
62	-0.24215902343749973	0.01259305447285609	0.014419456243534304	0.0	0.05316072579596098	0.10573224660707914	0.0	0.8139332613718668	0.00016125550870271788
63	-1.0307376660156236	0.4136274603316256	0.0	0.0	0.0	0.0	0.0	0.3407712488010643	0.24560129086731008
64	-0.7761941406249994	0.3262931296086746	0.0	0.008202380481308056	0.0	0.23612582583797798	0.4292756310203231	0.0	0.00010303305171621702
65	-0.9217684765625019	0.42170686647063754	0.0	0.0	0.0	0.0	0.26328733253165154	0.0	0.3150058009977109
66	-0.27469158203125	0.06709336596970582	0.0	0.0	0.0	0.06605502402195372	0.5083878269606291	0.35845963570113654	4.1473465748342875e-06
67	-0.6063451269531269	0.3066716824176128	0.0	0.2525238931482735	0.0	0.00020127478685635678	0.4406030965084161	0.0	5.3138841216160415e-08
68	-0.833781005859373	0.25742064676232473	0.0	0.0025975967752835723	0.0	0.46853050036841987	0.0	0.2714355429525199	1.571314145187852e-05
69	-0.9421011230468778	0.642374180973029	0.0	0.0	0.0	0.0	0.0	0.09625824177170055	0.2613675772552705
70	-0.5904384277343753	0.44529489233986386	0.00014426231640375848	0.0	0.15347124508375226	0.0	0.368002559221107	0.033066134537758085	2.09065011151921e-05
71	-0.6199378417968767	0.25883276112049963	0.26454540636973956	0.0	0.0	0.0	0.47650760059721126	0.0	0.00011423191254955611
72	-0.5262645117187499	0.27347740293539613	0.0008399077851756849	0.36111654087829304	0.0	0.36455475034726176	0.0	0.0	1.1398053873401537e-05
73	-0.11664887695312509	0.0014046579146084763	0.4527629434051945	0.0005132916974778725	0.4848414240401621	0.0020741683296299773	0.04111000953661963	0.017179454813730864	0.0001140502625767148
74	-0.3753782031250007	0.09682365656182804	0.0	0.0	0.5109137871587859	0.0	0.0	0.39090749822613685	0.001355058053249314
75	-0.6929351464843755	0.49491615516352494	0.12709994876300285	0.008061875438048522	0.0029687945374723837	0.005576965325645444	0.3599451655872609	0.0012970328728492927	0.0001340623121958151
76	-0.9976052148437493	0.40090116889156724	0.0	0.0	0.0	0.0	0.147277898786178	0.21867845916736905	0.23314247315488568
77	-0.8776933886718759	0.3037381417087876	0.0	0.0	0.0	0.0	0.32182353265934893	0.10599840743578935	0.26843991819607416
78	-0.18861008789062497	0.0010773337549726543	0.0	0.0	0.0	0.5619075977107613	0.4365682954991931	0.0	0.00044677303507301147
79	-0.9909416796874988	0.3916881663030079	0.0	0.0	0.0	0.0	0.06200120121490803	0.3244318105275666	0.22187882195451747
80	-1.0061689843750008	0.4082558789874018	0.0	0.0	0.0	0.08224679300187182	0.0	0.2588237554456722	0.2506735725650542
81	-0.9210250390625017	0.3719086634582292	0.0	0.0	0.0	0.0	0.0	0.0	0.6280913365417709
82	-0.10896765624999989	0.0	0.32814343589315736	0.6107393318609527	0.0	0.06108450691080252	0.0	0.0	3.2725335087469e-05
83	-1.0005952246093754	0.43941026545381856	0.0	0.0	0.0	0.0	0.0	0.22280348623383367	0.3377862483123477
84	-0.9356331445312521	0.4696389672671383	0.0	0.0	0.0	0.0	0.14010919761615326	0.09539201407317331	0.29485982104353514
85	-0.2362819042968747	0.009112720052292734	0.005903172403913954	0.0	0.0	0.602492038023386	0.0	0.38247928422907196	1.2785291335304372e-05
86	-0.9112838183593764	0.37039208978705357	0.0	0.0	0.0	0.2330533568306763	0.0	0.0	0.3965545533822701
87	-0.7148061035156228	0.4143024054025649	0.0	0.13083847217241265	0.0	0.2891830292151221	0.0	0.16566758025144113	8.512958459272468e-06
88	-0.896075468750002	0.3746753485179278	0.0	0.0	0.0	0.16133781058760907	0.18099488291778887	0.0	0.2829919579766743
89	-1.0284480566406238	0.3572559404783068	0.0	0.0	0.0	0.0	0.0	0.28667431436853186	0.35606974515316137
90	-1.0156972265625004	0.35719554249892727	0.0	0.0	0.0	0.0	0.0	0.27778743472911244	0.36501702277196024
91	-1.0152620410156252	0.35942646657875815	0.0	0.0	0.0	0.0	0.0	0.2767656775840796	0.36380785583716224
92	-0.5638894921875006	0.31765943348178693	0.0	0.0	0.16313195232066133	0.0	0.032620347705640554	0.48646462565715803	0.00012364083475313592
93	-1.0232210937499984	0.3908294882917006	0.0	0.0	0.0	0.028091855420279577	0.0	0.33778000956183685	0.24329864672618295
94	-0.18170473632812406	0.0	0.05579751282808148	0.4353225178848735	0.5086894847047103	0.0	0.0	0.0	0.00019048458233461574
95	-0.7276795800781258	0.12745004048137762	0.0	0.0	0.0	0.0	0.0	0.0	0.8725499595186224
96	-0.15555817382812448	0.0	0.4177672960208824	0.05916583309286215	0.0	0.0	0.019308328457060223	0.5035810003750523	0.0001775420541429984
97	-0.9322103515624993	0.33770907813692247	0.0	0.0	0.0	0.09000068130425223	0.0	0.14544769680376424	0.42684254375506103
98	-0.8703080859375008	0.43097627479813877	0.0	0.0	0.0	0.5689227257936705	0.0	0.0	0.00010099940819063846
99	-0.22559829101562506	0.033312923891565545	0.0	0.0	0.3920960777111463	0.0	0.5722249019737737	0.0	0.0023660964235143744
100	-0.753178193359377	0.23634540544336083	0.0	0.0	0.0	0.42748992908174804	0.0	0.0	0.3361646654748911
101	-1.0097286132812462	0.40800725996436926	0.0	0.033479649529745074	0.0	0.0	0.0	0.31717746261657864	0.24133562788930707
102	-0.1599130468750002	0.0005331422040941605	0.0	0.0	0.6484534284150422	0.35092474481813934	0.0	0.0	8.868456272437264e-05
103	-0.6344855859375005	0.33025279608135416	0.0	0.6697344192555821	0.0	0.0	0.0	0.0	1.2784663063758472e-05
104	-0.09223388671875002	0.0027957821965306183	0.46321043077043583	0.0	0.0	0.5339930935032828	0.0	0.0	6.935297507393301e-07
105	-0.572625605468747	0.09251283443360575	0.0	0.5334645590343393	0.0	0.0	0.0	0.37272415917308727	0.0012984473589676693
106	-0.543238798828126	0.4511857761747216	0.0	0.0	0.20873260524489434	0.33994670092600526	0.0	0.0	0.00013491765437878556
107	-0.23949545898437433	0.0	0.0	0.5405453854033127	0.0	0.0	0.45938259722071473	0.0	7.20173759726217e-05
108	-0.6640566015625011	0.31660840858971867	0.0	0.2629755381746105	0.0	0.0	0.0	0.0	0.4204160532356709
109	-0.7104784375000005	0.5213869857606904	0.4529333752598739	0.0	0.0	0.025675315658880708	0.0	0.0	4.32332055488871e-06
110	-0.7007560546875008	0.6888508409170455	0.1900009128714254	0.0	0.0	0.12104131974410748	0.0	0.0	0.0001069264674216086
111	-0.8775418945312462	0.16272222045886045	0.01061062979379739	0.0	0.0	0.0	0.239138350790511	0.5874269633221905	0.00010183563464072343
112	-0.8118325195312478	0.41782153874687894	0.0	0.10755564303156692	0.0	0.0	0.23452891970659417	0.24009363844605913	2.6006890085916723e-07
113	-0.6546789746093765	0.30279927706966786	0.20760489863062173	0.0	0.0	0.0	0.0	0.0	0.4895958242997104
114	-0.9015653124999949	0.2737124781411382	0.0	0.0	0.0	0.0	0.1402518724461665	0.5860109221302704	2.472728242497446e-05
115	-0.5779697167968749	0.7265487519125895	0.004587628468625904	0.0	0.1954489886499052	0.0	0.0027731273767871594	0.0702790333430108	0.0003624702490814258
116	-0.7915648339843735	0.4742919301136478	0.09808436705336748	0.0	0.0	0.18510538900587878	0.0	0.24251035436792603	7.95945917997365e-06
117	-0.263758251953124	0.005462751733458005	0.041245494351910536	0.2868129163405404	0.0	0.0	0.05340582904958964	0.6130703056076267	2.702916874763872e-06
118	-0.9312756152343722	0.36029851785668354	0.0	0.0	0.0	0.2387743619396263	0.18123451561945378	0.2196649827175328	2.762186670357547e-05
119	-0.5174755859375009	0.2503295308819177	0.0	0.0	0.21762782885776924	0.0	0.0	0.0	0.5320426402603131
120	-0.8811299023437442	0.24306286862431156	0.08052395581024702	0.0	0.0	0.0	0.2080871116936633	0.468158327396249	0.00016773647552903448
121	-0.7771583105468737	0.4959158589274165	0.0	0.05669566336251913	0.0	0.12051892751542542	0.3012991397834848	0.025565412110386654	4.998300767389274e-06
122	-0.48473298828125083	0.31157361904820885	0.31176303488949425	0.31985081413827665	0.0	0.00292695777209736	0.042307730909007864	0.011577499059469887	3.4418344507791687e-07
123	-0.17393324218749925	0.0	0.0	0.6427826772439319	0.0	0.3568615295778411	0.0	0.000351551054884765	4.242123342268478e-06
124	-0.7618904199218715	0.5623835799380997	0.0	0.1691788240167273	0.0	0.0	0.0	0.26743730461984694	0.0010002914253260942
125	-0.5518005664062522	0.2226155459279444	0.1868779771024418	0.0	0.0	0.2255099903252125	0.36019980480843633	0.00479045519582324	6.2266401418265005e-06
126	-0.7335647558593744	0.34241648487637916	0.16747637746415453	0.0	0.0	0.0	0.26021612960199364	0.22986175709579856	2.925096167416541e-05
127	-0.6188068261718761	0.2894601839689977	0.5529264843910454	0.0	0.0	0.0	0.1576126336880332	0.0	6.979519235894571e-07
128	-0.21007348632812503	0.01410545515767113	0.019276372698807845	0.02268394533231754	0.7053422409813043	0.0	0.22501790851163972	0.013573642214829212	4.351034302851886e-07
129	-0.7703109277343746	0.3194275208440253	0.0	0.0	0.01377645731083355	0.39062173039773335	0.22673031676746203	0.04944079431458138	3.18036536439692e-06
130	-0.13757050781249996	0.0	0.5386113164696714	0.0	0.0	0.0	0.4613716351120313	0.0	1.704841829730519e-05
131	-0.8671165234375003	0.5012004050749551	0.0	0.0	0.0	0.0	0.49878348819812773	0.0	1.6106726917097802e-05
132	-0.5927801855468737	0.28536040092359244	0.0	0.45848656651781544	0.0	0.04339482122458072	0.0	0.2124492827534856	0.0003089285805257802
133	-0.735246796875	0.26931160086250794	0.0	0.0	0.0	0.11571424142826443	0.5860081519558119	0.028965421979008765	5.837744070369411e-07
134	-0.2015263964843744	0.06712840822719454	0.00887555206604541	0.6185137876583696	0.244746364541654	0.049143049951961615	0.009821161160018963	0.00016346956844224376	0.001608206826313574
135	-0.830587792968752	0.3316359046304913	0.0	0.0	0.0	0.0	0.4530569824971788	0.0	0.21530711287232984
136	-1.041793457031249	0.4076399885073076	0.0	0.0	0.0	0.0	0.0	0.3100971374093203	0.28226287408337214
137	-0.6194165820312502	0.334614457030691	0.5254763503246129	0.0045864140383857985	0.008303946612038166	0.12701874737728883	0.0	0.0	8.461698330908263e-08
138	-0.4843042675781282	0.2513962481986149	0.0	0.0	0.1549505609972982	0.3460361357923852	0.0	0.24761704841754803	6.594153667549563e-09
139	-0.3927077539062505	0.24751216985864388	0.4809077636521063	0.009812501376122487	0.2535438788228523	0.0	0.0082211263177338	0.0	2.55997254139384e-06
140	-0.9530969433593728	0.3834856585923281	0.0	0.0	0.0	0.10123556529120029	0.14475307419196695	0.17663043852373664	0.19389526340076813
141	-0.41267932617187386	0.10228837546439873	0.04220094345726244	0.3734694906535716	0.008642591593388427	0.03624701574279687	0.022018898849805235	0.014419117743711518	0.4007135664950652
142	-0.7756265234375015	0.1871030119843754	0.00816639314646117	0.017233040958155144	0.030284722778204043	0.018466546602802114	0.30618654353198604	0.0011254654991037505	0.43143427549891233
143	-0.10621605468750016	0.059344129824239755	0.5749195109925193	0.19952684050121028	0.02437669866433778	0.07253016649948596	0.03528911996684925	0.020701388840770885	0.013312144710586837
144	-0.8788018457031217	0.3128339902395782	0.0	0.0	0.0	0.09270728783293584	0.0	0.48401316182708715	0.11044556010039885
145	-0.55573744140625	0.08053849999568541	0.005462593011201888	0.00351576241485263	0.0623656953741738	0.01713209941226279	0.13294316152203722	0.5024782854595307	0.1955639028102556
146	-0.8290474121093768	0.2969635846837609	0.0	0.0	0.0	0.0	0.15080495299476473	0.0	0.5522314623214744
147	-1.0289437597656252	0.412209239781869	0.0	0.0	0.0	0.0	0.0	0.2799306270674541	0.30786013315067695
148	-0.8173526171874999	0.5890354565149217	0.0034749994004432882	0.05655921858211404	0.01216250176700909	0.05261605281192903	0.006913749126481931	0.01365276485885349	0.2655852569382475
149	-0.9461358105468737	0.33278381768295134	0.0	0.0	0.0	0.1563268712276445	0.0	0.2955396992751904	0.21534961181421375
150	-0.16545387695312438	0.014349159791947286	0.08479653060350201	0.0649882846462374	0.019423729498802	0.014653716794423621	0.5196316692724019	0.026272046671305116	0.25588486272138067
