Iteration	COC_Opt	Pt	Ru	Rh	Ir	Re	Os	Pd	Au
1	-0.4293459765625001	0.135	0.168	0.052	0.043	0.118	0.328	0.042	0.114
2	-0.14392838867187474	0.0	0.015	0.117	0.601	0.15	0.036	0.023	0.058
3	-0.16019246093749973	0.015	0.056	0.184	0.136	0.11	0.459	0.001	0.039
4	-0.3805189648437486	0.079	0.067	0.306	0.027	0.283	0.027	0.017	0.194
5	-0.38805135742187385	0.114	0.093	0.284	0.018	0.253	0.059	0.036	0.143
6	-0.5027705859375016	0.177	0.199	0.039	0.0	0.144	0.237	0.055	0.149
7	-0.6017444628906259	0.302	0.471	0.011	0.009	0.029	0.126	0.052	0.0
8	-0.24688720703124972	0.071	0.417	0.014	0.039	0.001	0.017	0.44	0.001
9	-0.6740135253906273	0.662	0.129	0.021	0.017	0.072	0.098	0.001	0.0
10	-0.7239367480468749	0.698	0.299	0.0	0.0	0.0	0.0	0.002	0.001
11	-0.6427854589843759	0.247	0.089	0.0	0.0	0.664	0.0	0.0	0.0
12	-0.09551367187500033	0.018	0.392	0.0	0.0	0.581	0.0	0.009	0.0
13	-0.973778925781246	0.452	0.018	0.009	0.001	0.353	0.01	0.157	0.0
14	-0.9344706152343724	0.543	0.006	0.0	0.057	0.06	0.0	0.333	0.001
15	-0.9393404882812456	0.419	0.0	0.0	0.0	0.251	0.0	0.33	0.0
16	-0.5971250683593747	0.476	0.005	0.01	0.121	0.237	0.001	0.149	0.001
17	-0.966717978515622	0.47	0.0	0.0	0.0	0.0	0.225	0.305	0.0
18	-0.7658961621093731	0.425	0.12	0.032	0.016	0.002	0.062	0.342	0.001
19	-0.24267475585937548	0.052	0.007	0.064	0.002	0.013	0.121	0.735	0.006
20	-0.11617781250000003	0.012	0.908	0.007	0.0	0.0	0.072	0.0	0.001
21	-0.834510390624997	0.483	0.092	0.008	0.012	0.203	0.011	0.19	0.001
22	-0.22394056640624943	0.035	0.007	0.908	0.016	0.0	0.0	0.033	0.001
23	-0.8589895605468714	0.517	0.018	0.081	0.02	0.098	0.039	0.227	0.0
24	-0.23700385742187552	0.03	0.0	0.0	0.0	0.577	0.116	0.276	0.001
25	-0.9366230761718696	0.514	0.002	0.029	0.008	0.112	0.026	0.307	0.002
26	-0.9590500878906237	0.427	0.0	0.0	0.0	0.0	0.373	0.2	0.0
27	-0.8766990820312522	0.538	0.0	0.0	0.0	0.0	0.447	0.015	0.0
28	-0.9394147265624967	0.526	0.0	0.0	0.0	0.113	0.041	0.32	0.0
29	-0.9405641601562467	0.553	0.0	0.0	0.0	0.0	0.0	0.446	0.001
30	-0.9598034863281234	0.469	0.0	0.025	0.0	0.0	0.307	0.197	0.002
31	-0.9453487988281218	0.662	0.0	0.0	0.0	0.0	0.0	0.338	0.0
32	-0.958964433593749	0.53	0.0	0.0	0.0	0.0	0.0	0.305	0.165
33	-0.7205998242187509	0.609	0.0	0.382	0.003	0.0	0.002	0.003	0.001
34	-0.9647188085937486	0.469	0.0	0.0	0.0	0.0	0.297	0.234	0.0
35	-0.8583875585937497	0.356	0.006	0.027	0.004	0.403	0.187	0.018	-0.001
36	-0.9190727050781285	0.377	0.0	0.0	0.0	0.0	0.301	0.0	0.322
37	-0.7951109863281242	0.465	0.018	0.083	0.0	0.408	0.025	0.0	0.001
38	-0.9539696191406218	0.408	0.0	0.0	0.0	0.212	0.156	0.224	0.0
39	-0.9643683203124986	0.439	0.0	0.0	0.0	0.0	0.244	0.181	0.136
40	-0.3590761816406238	0.071	0.004	0.0	0.0	0.0	0.872	0.05	0.003
41	-0.8802067968749989	0.357	0.001	0.005	0.005	0.223	0.317	0.092	0.0
42	-0.9642952734374988	0.502	0.0	0.0	0.0	0.0	0.253	0.244	0.001
43	-0.7979154687500021	0.289	0.0	0.0	0.0	0.0	0.0	0.0	0.711
44	-0.9695901269531235	0.415	0.0	0.0	0.0	0.0	0.274	0.235	0.076
45	-0.9493870605468722	0.415	0.0	0.0	0.0	0.396	0.0	0.189	0.0
46	-0.9395828417968728	0.472	0.0	0.0	0.0	0.274	0.016	0.237	0.001
47	-0.9647211230468723	0.514	0.0	0.0	0.0	0.0	0.188	0.297	0.001
48	-0.9368511621093721	0.464	0.0	0.0	0.0	0.082	0.312	0.142	0.0
49	-0.9676103222656236	0.462	0.0	0.0	0.0	0.0	0.274	0.23	0.034
50	-0.7785013183593722	0.508	0.0	0.203	0.0	0.0	0.0	0.289	0.0
51	-0.9541159277343726	0.396	0.0	0.0	0.0	0.086	0.0	0.323	0.195
52	-0.8754091894531245	0.426	0.0	0.0	0.0	0.359	0.112	0.102	0.001
53	-0.9711429589843734	0.459	0.0	0.0	0.0	0.0	0.242	0.226	0.073
54	-0.9427251464843722	0.402	0.0	0.0	0.0	0.105	0.203	0.274	0.016
55	-0.9347235742187453	0.545	0.0	0.0	0.0	0.09	0.0	0.365	0.0
56	-0.9639809765625009	0.421	0.0	0.0	0.0	0.0	0.113	0.27	0.196
57	-0.6915069726562524	0.448	0.0	0.22	0.0	0.0	0.33	0.0	0.002
58	-0.9592257714843705	0.411	0.073	0.001	0.0	0.351	0.0	0.164	0.0
59	-0.8989928125000001	0.868	0.0	0.0	0.0	0.021	0.013	0.098	0.0
60	-0.6037388476562501	0.377	0.0	0.0	0.157	0.0	0.316	0.149	0.001
61	-0.7685888671874985	0.415	0.0	0.106	0.0	0.299	0.0	0.18	0.0
62	-0.9319385644531241	0.41	0.0	0.0	0.0	0.134	0.076	0.261	0.119
63	-0.6037201660156251	0.389	0.0	0.0	0.118	0.012	0.0	0.477	0.004
64	-0.6931302246093759	0.157	0.0	0.0	0.0	0.485	0.358	0.0	0.0
65	-0.9526038574218751	0.544	0.0	0.0	0.0	0.0	0.0	0.281	0.175
66	-0.6848752832031267	0.429	0.195	0.0	0.0	0.008	0.306	0.062	0.0
67	-0.9656984374999986	0.497	0.0	0.0	0.0	0.0	0.192	0.257	0.054
68	-1.006215410156251	0.414	0.0	0.0	0.0	0.0	0.0	0.254	0.332
69	-0.13926822265624988	0.0	0.466	0.533	0.0	0.0	0.0	0.0	0.001
70	-0.9385114453125002	0.334	0.0	0.0	0.0	0.0	0.0	0.228	0.438
71	-0.8733116503906215	0.198	0.0	0.0	0.0	0.007	0.456	0.339	0.0
72	-0.5752962890625006	0.787	0.008	0.006	0.15	0.009	0.001	0.038	0.001
73	-0.26815357421875063	0.0	0.0	0.0	0.0	0.0	0.334	0.231	0.435
74	-0.8969340332031268	0.407	0.009	0.0	0.0	0.0	0.584	0.0	0.0
75	-0.11822267578125042	0.052	0.503	0.001	0.418	0.005	0.0	0.022	-0.001
76	-0.7751353808593744	0.27	0.0	0.02	0.0	0.054	0.551	0.105	0.0
77	-0.8851540624999998	0.669	0.012	0.0	0.0	0.288	0.018	0.013	0.0
78	-0.6977952441406242	0.289	0.0	0.099	0.0	0.024	0.357	0.232	-0.001
79	-0.7113748632812503	0.359	0.308	0.023	0.0	0.31	0.0	0.0	0.0
80	-0.5925651855468765	0.478	0.315	0.206	0.0	0.0	0.0	0.0	0.001
81	-0.17739135742187528	0.037	0.081	0.0	0.854	0.0	0.027	0.0	0.001
82	-0.8600651757812504	0.455	0.0	0.0	0.0	0.284	0.254	0.0	0.007
83	-0.7985149609375018	0.318	0.0	0.0	0.0	0.344	0.0	0.0	0.338
84	-1.026728095703126	0.469	0.0	0.0	0.0	0.0	0.0	0.245	0.286
85	-1.0124395996093747	0.473	0.0	0.0	0.0	0.0	0.0	0.229	0.298
86	-0.16601434570312418	0.018	0.099	0.525	0.358	0.0	0.0	0.0	0.0
87	-1.0111159179687497	0.47	0.0	0.0	0.0	0.0	0.0	0.224	0.306
88	-0.5165546191406262	0.286	0.005	0.425	0.004	0.024	0.135	0.015	0.106
89	-1.0117304882812497	0.47	0.0	0.0	0.0	0.0	0.0	0.222	0.308
90	-1.0058734667968747	0.461	0.0	0.0	0.0	0.0	0.0	0.219	0.32
91	-1.023207890625001	0.444	0.0	0.0	0.0	0.0	0.0	0.241	0.315
92	-0.12547549804687488	0.0	0.393	0.0	0.159	0.0	0.448	0.0	0.0
93	-0.23569706054687328	0.0	0.012	0.475	0.11	0.054	0.0	0.349	0.0
94	-0.8600651757812504	0.387	0.0	0.0	0.0	0.145	0.468	0.0	0.0
95	-1.023597412109376	0.447	0.0	0.0	0.0	0.0	0.0	0.249	0.304
96	-0.15781278320312508	0.037	0.0	0.053	0.302	0.533	0.074	0.0	0.001
97	-0.22534401367187515	0.0	0.0	0.0	0.0	0.0	0.0	0.0	1.0
98	-0.9050476367187519	0.505	0.0	0.0	0.0	0.0	0.0	0.0	0.495
99	-0.17216022460937452	0.0	0.023	0.052	0.02	0.844	0.06	0.0	0.001
100	-0.6065918749999997	0.374	0.01	0.197	0.226	0.009	0.001	0.051	0.132
101	-0.6856859960937515	0.75	0.0	0.175	0.0	0.0	0.069	0.005	0.001
102	-0.7373036425781256	0.421	0.0	0.162	0.0	0.0	0.0	0.0	0.417
103	-0.7344966113281259	0.405	0.195	0.0	0.0	0.0	0.0	0.0	0.4
104	-0.5779646679687507	0.312	0.615	0.032	0.0	0.041	0.0	0.0	0.0
105	-0.23776065429687565	0.018	0.012	0.054	0.525	0.0	0.0	0.391	0.0
106	-0.6556091894531246	0.298	0.086	0.033	0.0	0.36	0.214	0.009	0.0
107	-1.0211344140625012	0.449	0.0	0.0	0.0	0.0	0.0	0.254	0.297
108	-0.9094598046875035	0.479	0.0	0.0	0.0	0.0	0.182	0.0	0.339
109	-0.565998359375001	0.446	0.0	0.0	0.554	0.0	0.0	0.0	0.0
110	-0.8526828222656205	0.239	0.005	0.0	0.0	0.31	0.0	0.447	-0.001
111	-0.47142264648437593	0.429	0.31	0.017	0.244	0.0	0.0	0.0	0.0
112	-0.6859962499999988	0.291	0.405	0.0	0.002	0.124	0.0	0.178	0.0
113	-0.6958042675781225	0.129	0.015	0.0	0.0	0.265	0.193	0.398	0.0
114	-0.2063062890624988	0.0	0.041	0.1	0.0	0.319	0.0	0.539	0.001
115	-0.5816773242187507	0.488	0.0	0.0	0.258	0.0	0.0	0.254	0.0
116	-0.9005998828124959	0.287	0.022	0.0	0.0	0.288	0.141	0.262	0.0
117	-0.17083777343749884	0.0	0.0	0.627	0.0	0.305	0.068	0.0	0.0
118	-0.8411603808593761	0.389	0.0	0.0	0.022	0.511	0.079	0.0	-0.001
119	-0.7491031933593711	0.328	0.116	0.0	0.0	0.217	0.0	0.34	-0.001
120	-0.831608984374993	0.237	0.08	0.0	0.015	0.028	0.262	0.378	0.0
121	-0.9458338769531224	0.664	0.0	0.0	0.0	0.181	0.0	0.154	0.001
122	-0.8333044531249996	0.547	0.0	0.099	0.0	0.0	0.179	0.175	0.0
123	-0.9021890527343762	0.516	0.0	0.0	0.0	0.196	0.0	0.0	0.288
124	-0.8772396777343769	1.0	0.0	0.0	0.0	0.0	0.0	0.0	0.0
125	-0.885772792968752	0.37	0.0	0.0	0.0	0.113	0.176	0.0	0.341
126	-1.010702880859375	0.476	0.0	0.0	0.0	0.0	0.0	0.216	0.308
127	-0.954938984374996	0.395	0.0	0.0	0.0	0.018	0.28	0.304	0.003
128	-1.0151954589843752	0.454	0.0	0.0	0.0	0.029	0.0	0.251	0.266
129	-0.8356452734374993	0.228	0.0	0.0	0.0	0.177	0.358	0.237	0.0
130	-0.4637363964843743	0.137	0.427	0.038	0.001	0.219	0.023	0.002	0.153
131	-0.6230162890625017	0.315	0.154	0.0	0.0	0.0	0.531	0.0	0.0
132	-0.19802794921875036	0.042	0.021	0.069	0.426	0.003	0.299	0.023	0.117
133	-0.39871219726562457	0.27	0.313	0.334	0.023	0.011	0.042	0.002	0.005
134	-0.6931302246093759	0.157	0.0	0.0	0.0	0.247	0.596	0.0	0.0
135	-0.17940193359374954	0.015	0.003	0.059	0.028	0.379	0.477	0.031	0.008
136	-0.5637386425781257	0.243	0.02	0.302	0.011	0.063	0.012	0.229	0.12
137	-0.2576697656250006	0.033	0.034	0.011	0.003	0.012	0.402	0.401	0.104
138	-0.2575462304687503	0.201	0.04	0.34	0.216	0.175	0.001	0.017	0.01
139	-0.19842537109374922	0.034	0.003	0.518	0.024	0.027	0.22	0.119	0.055
140	-0.9539231738281213	0.37	0.0	0.0	0.0	0.0	0.222	0.407	0.001
141	-0.5380773925781258	0.284	0.0	0.122	0.0	0.562	0.012	0.019	0.001
142	-0.9619757812499997	0.429	0.0	0.0	0.0	0.069	0.0	0.122	0.38
143	-0.884033437499999	0.551	0.073	0.0	0.0	0.294	0.0	0.083	-0.001
144	-0.8877966308593742	0.545	0.008	0.033	0.002	0.047	0.045	0.11	0.21
145	-0.8710642382812448	0.258	0.0	0.0	0.0	0.133	0.208	0.402	-0.001
146	-0.8786174999999997	0.542	0.012	0.002	0.003	0.065	0.342	0.018	0.016
147	-0.5331001855468769	0.165	0.508	0.109	0.013	0.004	0.014	0.18	0.007
148	-0.6686396679687494	0.62	0.0	0.181	0.0	0.187	0.0	0.012	0.0
149	-0.5857871484374986	0.195	0.242	0.173	0.011	0.026	0.018	0.328	0.007
150	-0.8356823144531248	0.252	0.006	0.007	0.034	0.168	0.008	0.174	0.351
151	-0.3406074902343754	0.175	0.214	0.007	0.203	0.006	0.027	0.088	0.28
152	-0.6003789453124988	0.168	0.025	0.122	0.002	0.152	0.01	0.351	0.17
153	-0.7073749999999998	0.515	0.121	0.096	0.01	0.024	0.004	0.186	0.044
154	-0.5553907617187511	0.28	0.01	0.0	0.168	0.019	0.523	0.0	0.0
155	-0.8608947167968708	0.3	0.0	0.0	0.0	0.163	0.182	0.186	0.169
156	-1.0218852246093761	0.451	0.0	0.0	0.0	0.0	0.0	0.256	0.293
157	-0.7228105664062484	0.167	0.014	0.041	0.003	0.343	0.019	0.275	0.138
158	-0.5150263085937518	0.221	0.01	0.003	0.227	0.224	0.029	0.275	0.011
159	-0.4992003808593794	0.283	0.002	0.016	0.51	0.053	0.132	0.002	0.002
160	-0.5743685937500014	0.297	0.154	0.01	0.013	0.454	0.028	0.019	0.025
161	-0.515639667968753	0.234	0.009	0.022	0.162	0.282	0.275	0.014	0.002
162	-0.16888031249999916	0.03	0.014	0.389	0.016	0.049	0.003	0.035	0.464
163	-0.13030595703124984	0.009	0.261	0.371	0.0	0.006	0.31	0.039	0.004
164	-0.9634613671874965	0.583	0.035	0.006	0.006	0.046	0.09	0.201	0.033
165	-0.9424916308593722	0.566	0.0	0.0	0.0	0.139	0.147	0.148	0.0
166	-0.7349089550781198	0.354	0.031	0.162	0.003	0.036	0.071	0.326	0.017
167	-0.8462929296874995	0.364	0.013	0.106	0.003	0.003	0.013	0.202	0.296
168	-0.12619083007812504	0.027	0.341	0.123	0.028	0.211	0.003	0.259	0.008
169	-0.7609809472656259	0.235	0.013	0.009	0.005	0.133	0.002	0.043	0.56
170	-0.9140690234375002	0.404	0.071	0.002	0.005	0.222	0.015	0.01	0.271
171	-1.0093649609375002	0.415	0.046	0.001	0.066	0.014	0.014	0.155	0.289
172	-1.0040637500000011	0.442	0.0	0.0	0.051	0.0	0.0	0.225	0.282
173	-0.9593988378906275	0.403	0.019	0.0	0.07	0.0	0.0	0.115	0.393
174	-1.034270400390623	0.426	0.048	0.0	0.03	0.0	0.0	0.202	0.294
175	-1.0337525878906222	0.427	0.051	0.0	0.025	0.0	0.032	0.188	0.277
176	-1.0348333593749985	0.409	0.059	0.0	0.026	0.0	0.009	0.183	0.314
177	-1.0350391503906227	0.424	0.051	0.0	0.029	0.0	0.014	0.196	0.286
178	-1.0341586816406234	0.427	0.057	0.0	0.03	0.0	0.012	0.185	0.289
179	-1.0395459765624988	0.41	0.06	0.0	0.038	0.0	0.019	0.193	0.28
180	-1.0301415136718743	0.406	0.065	0.0	0.041	0.0	0.021	0.191	0.276
181	-0.6427917382812495	0.285	0.157	0.002	0.062	0.07	0.125	0.219	0.08
182	-0.5023505078125021	0.467	0.085	0.003	0.183	0.024	0.15	0.051	0.037
183	-0.7128326269531267	0.301	0.09	0.019	0.014	0.008	0.144	0.087	0.337
184	-1.0347513964843726	0.416	0.049	0.0	0.035	0.0	0.011	0.196	0.293
185	-1.019971962890623	0.409	0.057	0.0	0.031	0.016	0.0	0.193	0.294
186	-0.1820570800781256	0.055	0.19	0.007	0.01	0.008	0.603	0.121	0.006
187	-0.9717078808593699	0.5	0.071	0.0	0.0	0.048	0.165	0.216	0.0
188	-0.6671112695312499	0.368	0.004	0.467	0.022	0.023	0.033	0.054	0.029
189	-0.8569636718750004	0.295	0.008	0.004	0.106	0.002	0.038	0.278	0.269
190	-0.47085591796874965	0.387	0.02	0.126	0.167	0.033	0.011	0.239	0.017
191	-1.038291240234373	0.427	0.051	0.0	0.037	0.0	0.022	0.194	0.269
192	-0.86486180664062	0.239	0.008	0.025	0.02	0.127	0.02	0.52	0.041
193	-0.9527175683593745	0.224	0.0	0.0	0.0	0.0	0.0	0.441	0.335
194	-0.21032271484375017	0.017	0.0	0.0	0.288	0.04	0.1	0.554	0.001
195	-0.9205657324218719	0.341	0.0	0.0	0.0	0.0	0.0	0.659	0.0
196	-0.9198017773437452	0.304	0.0	0.0	0.0	0.0	0.13	0.566	0.0
197	-0.7136106640624962	0.216	0.031	0.218	0.0	0.0	0.014	0.521	0.0
198	-0.885892744140617	0.187	0.028	0.035	0.027	0.005	0.018	0.694	0.006
199	-0.7699103027343728	0.243	0.096	0.0	0.0	0.0	0.0	0.66	0.001
200	-0.9003232519531237	0.233	0.088	0.0	0.0	0.0	0.0	0.311	0.368
201	-0.8772981933593703	0.309	0.0	0.0	0.0	0.069	0.0	0.621	0.001
202	-0.8763400585937485	0.203	0.0	0.0	0.0	0.0	0.0	0.617	0.18
203	-1.036121289062498	0.451	0.04	0.0	0.024	0.0	0.024	0.226	0.235
204	-0.8916590917968754	0.399	0.0	0.0	0.0	0.126	0.0	0.0	0.475
205	-0.9856429687499978	0.248	0.0	0.0	0.0	0.0	0.107	0.395	0.25
206	-0.9112074999999958	0.282	0.0	0.0	0.0	0.0	0.251	0.467	0.0
207	-0.7981574902343731	0.446	0.347	0.0	0.0	0.0	0.0	0.208	-0.001
208	-0.45805780273437463	0.359	0.118	0.353	0.15	0.004	0.012	0.003	0.001
209	-1.0449358398437485	0.437	0.056	0.0	0.038	0.0	0.021	0.197	0.251
210	-0.10465714843750058	0.038	0.378	0.0	0.004	0.196	0.298	0.013	0.073
211	-1.024585888671874	0.443	0.062	0.0	0.043	0.0	0.02	0.195	0.237
212	-0.7200551953125013	0.253	0.0	0.0	0.0	0.396	0.35	0.0	0.001
213	-0.9852890039062485	0.301	0.0	0.0	0.0	0.0	0.04	0.384	0.275
214	-0.9370610253906225	0.246	0.0	0.0	0.0	0.124	0.0	0.375	0.255
215	-0.8840717382812486	0.334	0.0	0.0	0.0	0.285	0.0	0.235	0.146
216	-0.5330956054687527	0.29	0.0	0.0	0.268	0.0	0.0	0.0	0.442
217	-0.9585920410156226	0.445	0.068	0.0	0.0	0.177	0.187	0.123	0.0
218	-0.8442840625000009	0.772	0.0	0.0	0.0	0.131	0.066	0.031	0.0
219	-0.6628970117187494	0.371	0.018	0.348	0.0	0.263	0.0	0.0	0.0
220	-0.8908149999999959	0.341	0.0	0.067	0.0	0.0	0.086	0.506	0.0
221	-0.7975962988281236	0.261	0.0	0.098	0.011	0.0	0.012	0.617	0.001
222	-0.8232628515624955	0.208	0.003	0.033	0.011	0.031	0.103	0.46	0.151
223	-0.9817990136718718	0.464	0.038	0.0	0.0	0.044	0.075	0.173	0.206
224	-0.8096875097656238	0.45	0.0	0.059	0.0	0.161	0.241	0.089	0.0
225	-0.8850133789062524	0.387	0.0	0.0	0.0	0.0	0.445	0.0	0.168
226	-0.4974008300781258	0.162	0.0	0.0	0.143	0.0	0.0	0.695	0.0
227	-0.5916383886718729	0.162	0.052	0.597	0.006	0.002	0.028	0.137	0.016
228	-0.867511630859373	0.76	0.09	0.0	0.0	0.0	0.0	0.15	0.0
229	-1.0362712109374974	0.429	0.044	0.0	0.034	0.0	0.023	0.204	0.266
230	-0.26633335937500013	0.062	0.026	0.01	0.019	0.032	0.072	0.338	0.441
231	-0.8787193261718772	0.734	0.0	0.0	0.0	0.0	0.215	0.052	-0.001
232	-0.5550818554687512	0.34	0.437	0.133	0.0	0.0	0.0	0.09	0.0
233	-0.7490148828125026	0.231	0.0	0.0	0.0	0.091	0.368	0.0	0.31
234	-0.9166552832031241	0.63	0.001	0.0	0.087	0.0	0.002	0.28	0.0
235	-0.7918775781249991	0.352	0.099	0.0	0.0	0.15	0.0	0.111	0.288
236	-0.9277416308593727	0.294	0.0	0.0	0.0	0.0	0.201	0.335	0.17
237	-0.23547208007812517	0.044	0.0	0.299	0.0	0.0	0.657	0.0	0.0
238	-0.8811780957031242	0.649	0.0	0.0	0.0	0.064	0.192	0.094	0.001
239	-0.6790597851562525	0.457	0.136	0.0	0.0	0.322	0.084	0.0	0.001
240	-0.7852075097656235	0.585	0.133	0.0	0.0	0.0	0.0	0.282	0.0
241	-0.7550740136718731	0.335	0.1	0.0	0.0	0.006	0.286	0.273	0.0
242	-0.5818492480468758	0.255	0.0	0.0	0.121	0.014	0.225	0.385	0.0
243	-0.7132425585937513	0.24	0.0	0.0	0.0	0.561	0.199	0.0	0.0
244	-0.8667609960937503	0.524	0.0	0.0	0.0	0.475	0.0	0.0	0.001
245	-0.9031590234374954	0.279	0.052	0.0	0.0	0.0	0.104	0.422	0.143
246	-0.6999886230468769	0.565	0.139	0.024	0.0	0.0	0.22	0.053	-0.001
247	-1.0365141992187477	0.427	0.047	0.0	0.035	0.0	0.021	0.201	0.269
248	-0.8045588964843741	0.232	0.0	0.0	0.0	0.367	0.206	0.195	0.0
249	-0.20149333984374984	0.0	0.0	0.0	0.322	0.0	0.678	0.0	0.0
250	-0.7694660253906261	0.862	0.041	0.086	0.0	0.012	0.0	0.0	-0.001
251	-0.9173217578125026	0.707	0.0	0.0	0.0	0.0	0.0	0.0	0.293
252	-0.8717029980468763	0.414	0.0	0.0	0.0	0.209	0.087	0.072	0.218
253	-0.7678622558593743	0.474	0.0	0.353	0.0	0.0	0.0	0.173	0.0
254	-1.0365141992187477	0.427	0.048	0.0	0.035	0.0	0.02	0.2	0.27
255	-0.5053641796875026	0.311	0.011	0.0	0.38	0.281	0.016	0.0	0.001
256	-0.6950252636718751	0.444	0.337	0.0	0.0	0.082	0.057	0.08	0.0
257	-0.8785382421874958	0.315	0.0	0.0	0.02	0.262	0.036	0.369	-0.002
258	-0.09413709960937516	0.011	0.604	0.104	0.017	0.183	0.042	0.007	0.032
259	-0.7644190527343726	0.286	0.395	0.0	0.0	0.0	0.018	0.301	0.0
260	-0.44037359374999957	0.427	0.171	0.007	0.144	0.168	0.01	0.005	0.068
261	-0.9070333496093763	0.559	0.0	0.0	0.0	0.0	0.33	0.112	-0.001
262	-0.9650613769531207	0.512	0.007	0.026	0.0	0.05	0.128	0.277	0.0
263	-0.5481797753906248	0.254	0.013	0.257	0.471	0.0	0.005	0.0	0.0
264	-0.20293251953125022	0.045	0.038	0.042	0.024	0.288	0.076	0.008	0.479
265	-1.037035380859373	0.425	0.049	0.0	0.037	0.0	0.02	0.194	0.275
266	-0.6032118554687502	0.372	0.133	0.053	0.013	0.113	0.298	0.009	0.009
267	-0.4343229101562499	0.102	0.0	0.32	0.0	0.388	0.005	0.186	-0.001
268	-0.5284223535156259	0.302	0.02	0.163	0.011	0.282	0.162	0.005	0.055
269	-0.752523945312495	0.362	0.0	0.173	0.0	0.047	0.0	0.417	0.001
270	-0.9016705078124995	0.681	0.062	0.0	0.0	0.18	0.0	0.077	0.0
271	-0.6135114648437527	0.162	0.239	0.003	0.044	0.321	0.003	0.214	0.014
272	-0.34992328125000094	0.173	0.077	0.001	0.531	0.107	0.002	0.109	0.0
273	-0.1732149804687493	0.025	0.008	0.263	0.004	0.423	0.263	0.01	0.004
274	-0.9393560546874978	0.689	0.0	0.0	0.0	0.075	0.0	0.236	0.0
275	-0.9544160449218717	0.533	0.022	0.0	0.0	0.165	0.089	0.19	0.001
276	-1.036868886718748	0.425	0.049	0.0	0.036	0.0	0.019	0.195	0.276
277	-1.0409989453124988	0.436	0.057	0.0	0.0	0.0	0.0	0.133	0.374
278	-0.40510736328125085	0.244	0.172	0.132	0.003	0.308	0.012	0.063	0.066
279	-0.9477226562499964	0.589	0.076	0.008	0.029	0.053	0.019	0.143	0.083
280	-0.1675848339843741	0.027	0.007	0.345	0.002	0.524	0.003	0.013	0.079
281	-0.9429565917968734	0.526	0.003	0.019	0.065	0.039	0.177	0.135	0.036
282	-0.49412743164062733	0.257	0.374	0.006	0.112	0.003	0.062	0.179	0.007
283	-0.9539450390624973	0.533	0.012	0.0	0.078	0.021	0.119	0.236	0.001
284	-1.0125108398437486	0.446	0.06	0.0	0.017	0.0	0.0	0.139	0.338
285	-0.7995664648437526	0.6	0.003	0.098	0.083	0.0	0.074	0.133	0.009
286	-0.4941022460937512	0.199	0.013	0.003	0.148	0.455	0.053	0.108	0.021
287	-0.9473215527343717	0.55	0.038	0.0	0.032	0.083	0.09	0.207	0.0
288	-0.9751449609375014	0.66	0.0	0.0	0.0	0.0	0.0	0.126	0.214
289	-0.7058009082031249	0.191	0.275	0.022	0.0	0.011	0.026	0.209	0.266
290	-0.10329950195312484	0.015	0.288	0.023	0.02	0.01	0.014	0.009	0.621
291	-0.9753415917968696	0.454	0.037	0.0	0.0	0.121	0.218	0.17	0.0
292	-0.5373908984375014	0.121	0.35	0.014	0.006	0.041	0.26	0.188	0.02
293	-0.20870424804687418	0.011	0.004	0.706	0.045	0.04	0.008	0.185	0.001
294	-0.1640935253906251	0.037	0.031	0.01	0.486	0.349	0.012	0.041	0.034
295	-1.0200172265624974	0.408	0.056	0.0	0.0	0.0	0.0	0.143	0.393
296	-0.310462460937498	0.101	0.201	0.373	0.007	0.03	0.08	0.207	0.001
297	-0.8904050683593772	0.461	0.0	0.0	0.0	0.0	0.305	0.063	0.171
298	-0.11966458007812547	0.036	0.623	0.008	0.056	0.025	0.017	0.215	0.02
299	-0.17907519531250018	0.011	0.22	0.012	0.334	0.031	0.008	0.346	0.038
300	-0.8946936914062498	0.581	0.034	0.007	0.007	0.157	0.148	0.015	0.051
