Iteration	COC_Opt	Pt	Ru	Rh	Ir	Re	Os	Pd	Au
1	-0.11378964843750056	0.056382271806036055	0.23645726463668393	0.0162190987262687	0.22256756704707092	0.2187166214566949	0.11830909973622683	0.07083767227732818	0.06051040431369048
2	-0.1645478613281249	0.04365087609358553	0.09474154222954789	0.4265001301334086	0.11508852031219918	0.09369531452902047	0.1607918940026326	0.05487680823311614	0.010654914466489585
3	-0.2040240820312505	0.10781551978755877	0.1504313019188641	0.1826289481762855	0.2054023374814632	0.062364469337576556	0.05128212507434793	0.11125245217624014	0.1288228460476638
4	-0.16267584960937473	0.000848101300075399	0.1846038023553377	0.2820609425700955	0.11093439423315543	0.03261012108248096	0.024123013977688013	0.22954458100628838	0.13527504347487862
5	-0.48686240234375167	0.3187915805437167	0.044100946264246876	0.02821690561951984	0.12936903838095093	0.24807915945632197	0.007678763958473778	0.16698614582499172	0.056777459951778186
6	-0.6065286718749998	0.36619382880303636	0.011608624119382065	0.024383667890268804	0.11583256304627912	0.2554793005936851	0.0	0.18149487352127197	0.045007142026076474
7	-0.850302734374997	0.5347946605168745	0.037580542726366406	0.0836310417714975	0.01202215188843134	0.19108480092487623	0.013336000397365178	0.12755078309252013	1.868206866983968e-08
8	-0.8185625585937489	0.7792160526660799	0.03827940338648483	0.03793875812759904	0.006081116463705715	0.011696748219102696	0.05444897824761063	0.07232412458966006	1.4818299757135556e-05
9	-0.7319349804687506	0.6019498144287108	0.10354110578922929	0.0005289507282179138	0.004653650737197934	0.2622250094460168	0.02271454463735915	0.004386368873708971	5.553595592289184e-07
10	-0.8936573242187424	0.5647794208477045	0.03927665114278619	0.04985864119362405	0.0032455488080652666	0.06848416990972987	0.004896527042502495	0.2694581167356272	9.243199603492513e-07
11	-0.7779484765624997	0.7341592471602479	0.0	0.10497684954821836	0.0	0.0005489750867876764	0.0	0.16027816484603308	3.676335871294345e-05
12	-0.939899121093749	0.6528526976861548	0.02091100131894577	0.0028478414544111713	0.010818811723228015	0.014323289418757457	0.17758343990493716	0.12066274978350827	1.6871005725782595e-07
13	-0.8099325781250007	0.22670028270926335	0.0018020456740426086	3.624411380684611e-05	0.0016771812491424547	0.003938958071873486	0.5991592687383438	0.1642208963126524	0.002465123130874991
14	-0.5147011816406265	0.6007985103851845	0.017946373356050916	0.01483190916899334	0.17419653965168	0.008058653368528769	0.05323879997554027	0.13081437838123855	0.00011483571278370075
15	-0.5982847949218733	0.11988862664075374	0.0039005411854346403	0.006375976363483582	0.0008200432177812552	0.027054695505643503	0.041279887592911575	0.7968090235698698	0.0038712059241219343
16	-0.8651899804687502	0.5216650070218178	0.0030051678253652	0.000635603753473947	0.004055148250647195	0.006075826976788601	0.4099556220143263	0.05450213473174711	0.00010548942583366028
17	-0.21449654296874993	0.03342848788007621	0.011154892486697694	0.01860332538753848	0.0016252363451629776	0.011655265315086953	0.9224301276514291	0.00110221748156664	4.4745244187627264e-07
18	-0.8979659765624934	0.2808791620273199	0.03078921983602358	0.00786153272137254	0.011327899569877758	0.14462410908112192	0.20125541195384028	0.3227487667814635	0.0005138980289807193
19	-0.9497073632812448	0.44303064266786524	0.03649423212969168	0.0022992320478445786	0.009167194435587776	0.04509627672091222	0.08007499301756456	0.38383727931418155	1.4966635231150605e-07
20	-0.7715331542968739	0.36926613917742396	0.22671343589052648	0.0017539777667439518	0.009601100236336087	0.004214924154627462	0.20826015058397188	0.18005286316031824	0.0001374090300521047
21	-0.954325263671871	0.4851333344739767	0.0	0.0	0.0	0.004605244540656062	0.22531375908848675	0.28347055975662144	0.00147710214025909
22	-0.935227958984372	0.46862484577195773	0.0	0.0	0.0	0.006916652633933173	0.24306692889406376	0.28084162327144085	0.0005499494286045348
23	-0.937529267578122	0.5055833148968758	0.0	0.0	0.0	0.0321446245358742	0.17821517803740358	0.2838716645692926	0.00018521796055381845
24	-0.8911562011718708	0.24168112636894004	0.0	0.0	0.0	0.00012453696525383033	0.360908327793126	0.3972733385963545	1.2670276325676966e-05
25	-0.9619579589843706	0.4425836603956035	0.0	0.0	0.0	0.0	0.2399699273387512	0.316670926608526	0.0007754856571192681
26	-0.9316203906249976	0.4440414335128205	0.0	0.0	0.0	0.0386796396834006	0.2586416056853761	0.25863531516641836	2.0059519844073392e-06
27	-0.21059876953124998	0.007591802406919453	0.0	0.049093177548424315	0.0	0.8056716711343226	0.0017684549438432475	0.13187185163426451	0.004003042332225926
28	-0.9022219042968715	0.4144293676186452	0.0	0.0	0.0	0.08428114374948098	0.06763151224218245	0.4320808205100085	0.0015771558796828788
29	-0.9587958300781211	0.5009780126080167	0.0	0.0	0.0	0.0	0.21200190842281175	0.2859726241052853	0.0010474548638863546
30	-0.9494186132812465	0.4999558925845328	0.0018339358886906008	0.0	0.0	0.0018339358886906008	0.21154038362089053	0.28450032950359905	0.00033552251359636465
31	-0.6721585742187521	0.5032693515360234	0.005075191396580029	0.1954741604268785	0.0011045724695850074	0.003479312181416134	0.20941464935669024	0.0803064901222792	0.0018762725105474498
32	-0.15732201171874993	0.030923393566352896	0.7615782474275817	0.0	0.0	0.0	0.011556481370252454	0.19591033845794903	3.1539177863915135e-05
33	-0.9636604980468694	0.4649836793913016	0.009410438374677048	0.0	0.0	0.0	0.11770785532518682	0.40682322112835545	0.0010748057804791378
34	-0.7722717089843719	0.3395431443744475	0.14353233343831936	0.0	0.0	0.0	0.14914662778386797	0.36777772263774894	1.7176561617482378e-07
35	-0.8472866601562478	0.2613026398107532	0.0	0.0	0.0	0.09946143055889452	0.3994426117840703	0.2397926166983964	7.011478855289965e-07
36	-0.9536829785156211	0.5891665721323603	0.0	0.0	0.0	0.0	0.12632189583257591	0.2840390769645939	0.0004724550704697794
37	-0.9301420507812471	0.5016083713361995	0.0	0.0	0.0	0.00849827196131868	0.20504352936315115	0.284040435709401	0.0008093916299296566
38	-0.9304995605468726	0.4608645468815459	0.0	0.0	0.0	0.05042183410683815	0.22946780909601686	0.2592375823667612	8.22754883789134e-06
39	-0.9136558007812462	0.5887397059438437	0.0	0.0	0.0	0.006587594555800599	0.0673203027282994	0.33622985605740596	0.001122540714650344
40	-0.9592781738281211	0.5545035897062531	0.0	0.0	0.0	0.00012658672214139815	0.14781159732594967	0.29755387945467815	4.346790977605153e-06
41	-0.9352415136718722	0.5662672920763572	0.0	0.0	0.0	0.041566552228404316	0.15458963437094775	0.2375726461403117	3.875183979040742e-06
42	-0.7255918749999998	0.6075664041827152	0.2558505687531088	0.008616636484672473	0.000837285146930406	0.032843664118661374	0.028919025785725954	0.06526746693865501	9.894858953074515e-05
43	-0.21139977539062507	0.0	0.0	0.048027372578032856	0.840342313265293	0.0	0.10065978121240945	0.010109255739322904	0.0008612772049417794
44	-0.9451328515624964	0.42538472557386864	0.0	0.0	0.0	0.0	0.11130278527563742	0.3330005884468309	0.13031190070366305
45	-0.2655835058593744	0.012685726372467072	0.008248229182619405	0.12526063203432466	0.007698451108202065	0.0009506213231144253	0.425885591513766	0.4192672539774926	3.4944880138443324e-06
46	-0.7359605566406198	0.42403813665521933	0.0	0.1986548277621756	0.0	0.05296109101810313	0.007189352899482309	0.3171561593042601	4.3236075952801656e-07
47	-0.5681044921875018	0.27223785555169977	0.19392174193387954	0.0	0.0	0.04256694517972732	0.4471264120395029	0.04404277036564747	0.0001042749295429024
48	-0.8671165234375003	0.7472505866589118	0.0	0.0	0.0	0.0	0.252689783629494	5.7415593355182044e-05	2.214118239085572e-06
49	-0.934674277343748	0.6638005458640497	0.00013878904528691463	0.0	0.0	0.0	0.17275131100263433	0.16329645428098785	1.2899807041222289e-05
50	-0.9164890624999948	0.31120442308321544	0.0	0.0	0.0	2.5990102962978557e-05	0.3176149484311366	0.37114262923404495	1.2009148639968714e-05
51	-0.9431078710937456	0.4621969436182986	0.05362513096944351	0.0	0.0	0.1070239608539734	0.11344367998172514	0.262172779333202	0.0015375052433574954
52	-0.7431746191406251	0.6249949670814271	0.09760003782167175	0.0	0.0	0.0	0.2132885367644447	0.06398445109192345	0.000132007240533083
53	-0.9174016308593705	0.49712532490237205	0.0	0.0	0.0	0.0882397788679209	0.08132580839770065	0.3271552314562546	0.006153856375751832
54	-0.9375233300781212	0.46547345362224224	0.0	0.0	0.0	0.07747238564056087	0.1529229611292414	0.2982632295943571	0.0058679700135984
55	-0.9247881347656215	0.5148995020838423	0.0	0.0	0.0	0.13237833774590935	0.02706820948579183	0.3251462325313944	0.0005077181530621644
56	-0.9315185644531223	0.5113473646896971	0.0	0.0	0.0	0.05735100057092449	0.1894539455976511	0.24181683186061348	3.0857281113849666e-05
57	-0.9342642675781233	0.6567094032821211	0.0	0.0	0.0	0.20647313746305507	1.4427253210287013e-05	0.13680280934241448	2.2265919896735653e-07
58	-0.9461177832031203	0.45362142873204564	0.0	0.0	0.0	0.0002544065942587188	0.16192565290272942	0.3837949582302672	0.0004035535406989865
59	-0.9445940917968704	0.40185430536435673	0.0	0.0	0.0051091409719524064	0.0040766688100955005	0.2124103114832468	0.37654854107298696	1.0322973615917164e-06
60	-0.9505460546874985	0.5326347790864492	0.0	0.0	0.0	0.11839400231361408	0.0	0.17391675806614604	0.1750544605337907
61	-0.9538005761718715	0.5394661717994031	0.07382745394326133	0.0	0.0	0.15034733152610696	0.0	0.2363585305396343	5.121915942485344e-07
62	-0.9342549316406202	0.48933439301104176	0.0	0.0	0.0	0.0	0.11320722347348294	0.3971196254417	0.00033875807377525824
63	-0.8763252148437514	1.0	0.0	0.0	0.0	0.0	0.0	0.0	0.0
64	-1.0266312304687504	0.4457692401200339	0.0	0.0	0.0	0.0	0.0	0.2568601289322598	0.2973706309477063
65	-0.9947672167968746	0.38681362867548147	0.0	0.0	0.0	0.0	0.0	0.2131183474372364	0.40006802388728213
66	-1.0258156542968753	0.43558371370690774	0.0	0.0	0.0	0.0	0.0	0.2540105448635375	0.3104057414295547
67	-1.0264656640625003	0.43876021121958597	0.0	0.0	0.0	0.0	0.0	0.2629559952774624	0.29828379350295164
68	-0.6603761035156234	0.4353302184107522	0.034746773347579	0.4791441269271902	0.0	0.05072590499995674	0.0	0.0	5.297631452183538e-05
69	-0.24106373046874932	0.01371589257428509	0.0	0.9802526240225639	0.0	0.0	0.0	0.0	0.006031483403151072
70	-0.5945200585937491	0.09927936074662469	0.0	0.015597642163703074	0.0	0.36427821724318793	0.0	0.519354678700911	0.0014901011455732416
71	-1.0492599609374982	0.4549347113207831	0.05266585886257574	0.0	0.0	0.0	0.0	0.25748061214282764	0.2349188176738135
72	-0.5387289746093769	0.22906844806819307	0.0	0.0	0.17901546754844108	0.0011150785443856581	0.10278874583947847	0.4880023971644244	9.862835077312226e-06
73	-0.7906995312499983	0.3939135581524706	0.43181319493632164	0.0	0.0	0.0	0.0	0.17426128069578958	1.1966215418213189e-05
74	-0.24424390625000006	0.0	0.0	0.0	0.0	0.0	0.0	0.0	1.0
75	-0.49700295898437563	0.3414177131702444	0.28042212098688885	0.26625418992274585	0.0	0.03653612007524012	0.0	0.07535969745739383	1.0158387487080311e-05
76	-0.5733163769531247	0.12937461286381405	0.0	0.04756558569215838	0.0	0.42458410958091997	0.3984218188145318	0.0	5.3873048575736604e-05
77	-0.1917267773437501	0.055371927005638664	0.0	0.0	0.3912997559726905	0.036618981159213894	0.5166769690556254	0.0	3.23668068314964e-05
78	-0.4275106249999994	0.10427943613867932	0.0	0.44457756346396554	0.0	0.4510802365848646	0.0	0.0	6.276381249048502e-05
79	-0.8105448046874999	0.467989583045695	0.10453299377429706	0.0	0.0	0.0	0.0	0.26761097296823233	0.1598664502117756
80	-1.02877376953125	0.45701845884225306	0.0	0.0	0.0	0.0	0.0	0.2449510411914629	0.29803049996628406
81	-1.0270786816406252	0.4576908174628649	0.0	0.0	0.0	0.0	0.0	0.24164245450970234	0.3006667280274328
82	-1.0201870117187508	0.45804787366479477	0.0	0.0	0.0	0.0	0.0	0.23921873548270145	0.30273339085250384
83	-1.019005566406251	0.45747035740063946	0.0	0.0	0.0	0.0	0.0	0.23854502619807721	0.3039846164012834
84	-1.019005566406251	0.45661994612961376	0.0	0.0	0.0	0.0	0.0	0.2384207171354245	0.3049593367349617
85	-1.019005566406251	0.4556557270543719	0.0	0.0	0.0	0.0	0.0	0.2385453518926883	0.3057989210529398
86	-1.019005566406251	0.45459893147592817	0.0	0.0	0.0	0.0	0.0	0.23887806625836047	0.3065230022657114
87	-1.0211799902343757	0.4534660373986612	0.0	0.0	0.0	0.0	0.0	0.23939323574066948	0.3071407268606693
88	-1.0211799902343757	0.45237570744020383	0.0	0.0	0.0	0.0	0.0	0.2398626059462129	0.3077616866135833
89	-1.0236438574218758	0.4512114478109949	0.0	0.0	0.0	0.0	0.0	0.2405342945219055	0.3082542576670996
90	-1.0275236425781251	0.4500414960146603	0.0	0.0	0.0	0.0	0.0	0.24124974321068193	0.3087087607746577
91	-1.0275236425781251	0.44884043786237054	0.0	0.0	0.0	0.0	0.0	0.24203145337045617	0.30912810876717334
92	-1.0275236425781251	0.44752303647438574	0.0	0.0	0.0	0.0	0.0	0.2431247685207772	0.309352195004837
93	-1.028538681640625	0.4460985285367435	0.0	0.0	0.0	0.0	0.0	0.244535468029054	0.3093660034342025
94	-1.028538681640625	0.4445271676629952	0.0	0.0	0.0	0.0	0.0	0.2463060933010427	0.30916673903596203
95	-0.7081059765625005	0.37695795309391006	0.5166416040520225	0.0	0.0	0.0	0.10616732135097778	0.0	0.00023312150308973933
96	-0.21020919921874914	0.0	0.0010139174094888998	0.42382678740831536	0.5733949282107376	0.0	0.0	0.0	0.0017643669714582089
97	-0.17751681640624972	0.0	0.33755663564386584	0.0	0.0	0.0	0.0	0.6600004233176462	0.002442941038487967
98	-1.0289914648437501	0.4438211342320493	0.0	0.0	0.0	0.0	0.0	0.24744944526603066	0.3087294205019201
99	-1.02850375	0.44233452057824546	0.0	0.0	0.0	0.0	0.0	0.24928632280447216	0.30837915661728243
100	-1.0455978710937481	0.4317852619509553	0.03515129907350828	0.0	0.0	0.008163973922822376	0.0	0.24669890379714937	0.2782005612555647
101	-0.857072919921875	0.5020730820451768	0.0	0.0	0.0	0.20541500712289734	0.2490286321618551	0.04340465354347912	7.86251265916249e-05
102	-0.8573897656249989	0.3496083719939556	0.005815612991334714	0.030297529955316684	0.005691249294121409	0.5651666156446349	0.026340404652209926	0.017057880416383134	2.233505204363162e-05
103	-0.6626787207031236	0.4074747290940073	0.0	0.0	0.11244574101850918	0.0	0.3062033915266727	0.17375158974576335	0.00012454861504762604
104	-1.0656458789062482	0.4501676734654225	0.030521700572881207	0.0	0.0	0.0	0.0	0.2594688452520105	0.2598417807096858
105	-0.5802747460937504	0.2934134290222568	0.17183491105399054	0.0	0.0	0.47111102265711585	0.028775882158468567	0.034822785352190404	4.196975597769992e-05
106	-0.09297127929687518	0.00047432005475874547	0.6016378862485265	0.007211984624913298	0.015823574575313307	0.036253568082961096	0.33509003216213473	0.0035026310144466327	6.003236945550938e-06
107	-0.710781259765625	0.4608889495562062	0.4046297201210251	0.0	0.0	0.13439526233690544	0.0	0.0	8.606798586330289e-05
108	-0.12963013671875032	0.05022862968009116	0.5318914227524968	0.0	0.41504089384175435	0.0	0.0	0.0	0.0028390537256577364
109	-0.8912140234374933	0.3645818300811136	0.020686424019674812	0.05852389020623085	0.0038013501405433302	0.01499164161376637	0.0022261794097077764	0.5351114791352629	7.720539370037471e-05
110	-0.26282048828125043	0.0	0.0	0.0	0.44785353040917664	0.0	0.0	0.5521149451156913	3.152447513210532e-05
111	-0.7318071679687486	0.3269376735187361	0.0	0.06216743114261296	0.0	0.269485603347322	0.22883757444049466	0.11226291228570726	0.000308805265126999
112	-0.9602317382812507	0.4240935661775876	0.03419334510021107	0.0	0.0	0.0	0.0	0.0	0.5417130887222014
113	-0.6613036523437494	0.4667794770538026	0.0	0.1268148591990496	0.0	0.4059129018881864	0.0	0.0	0.0004927618589614102
114	-0.9147608105468765	0.38678911452731524	0.0	0.0	0.0	0.0	0.15203380379045708	0.0	0.4611770816822277
115	-0.15778691406250028	0.01837384964067723	0.0062755847096900704	0.0038402899942490062	0.37420096381640694	0.5946261072202889	0.0	0.0	0.0026832046186878733
116	-0.8450016015625003	0.7531512049085826	0.0	0.0	0.0	0.15161939851164377	0.095229167527741	0.0	2.2905203267420404e-07
117	-0.8858256152343768	0.5836221698447593	0.0	0.0	0.0	0.0	0.05998733221004528	0.0	0.3563904979451954
118	-0.7498641113281269	0.34926563871569033	0.18568757962234914	0.0	0.0	0.0	0.0	0.0	0.46504678166196056
119	-0.8671165234375003	0.4007558243720155	0.0	0.0	0.0	0.0	0.5992397587671195	0.0	4.416860864941974e-06
120	-1.028963203125	0.41387220799000607	0.03827083707701856	0.0	0.0	0.0	0.079491068252507	0.13149181969160792	0.33687406698886047
121	-0.918726328125001	0.4251320951313154	0.009183987419889008	0.0	0.0	0.09427857304996416	0.08065607792283616	0.07013444251998747	0.3206148239560078
122	-0.9105585253906249	0.4065191211360666	0.030168766092866544	0.07884538019530786	0.0	0.0	0.0	0.10677377022601113	0.3776929623497479
123	-0.22816230468750026	0.01746141206516669	0.0	0.0	0.01626921018477615	0.4713651125026906	0.23465585399657737	0.2602391254783705	9.285772418543559e-06
124	-0.4983222265624998	0.2906472175294265	0.0	0.2858597785694429	0.0	0.018786609289773864	0.4023522407326754	0.002335603626745614	1.8550251935867124e-05
125	-0.8346930078124929	0.305631054566897	0.0	0.045697851520005314	0.0	0.25482532386377	0.0	0.3937067107535371	0.00013905929579061116
126	-0.9923786132812489	0.43866252020461344	0.0	0.0	0.0	0.0	0.0	0.17114760187055808	0.3901898779248285
127	-0.27672320312499843	0.006503686177884025	0.0	0.5494729746672696	0.05100080342776542	0.001750149622771618	0.0	0.39036101917201	0.0009113669322993179
128	-0.9933546484374991	0.4380207593265784	0.0	0.0	0.0	0.0	0.0	0.1886339307144504	0.3733453099589712
129	-0.18842694335937496	0.0	0.0	0.0	0.0	0.3221231055297101	0.6581861905508651	0.019599876343875465	9.082757554923493e-05
130	-0.9679748828124978	0.32108940464074565	0.03999306262847425	0.0	0.0	0.0	0.15414518127035998	0.16228371299398384	0.3224886384664363
131	-0.07012960937499997	0.0019211979616661598	0.5111559424160181	0.06205260309911606	0.0	0.42486442972446925	0.0	0.0	5.8267987304017055e-06
132	-0.9703051855468723	0.4024213768913587	0.022725585954457003	0.0	0.0	0.0	0.0	0.3961652103484219	0.17868782680576234
133	-0.8696637402343698	0.18410968008716871	0.01288550746940719	0.07072881671912104	0.0023446457881230857	0.006591398947111621	0.13351862061238304	0.4321671079811632	0.15765422239552207
134	-0.7074006152343733	0.2599310169911076	0.0	0.21762739300175057	0.0	0.0	0.009242648653349476	0.5129704979856511	0.00022844336814131783
135	-0.9960391015624996	0.4024962599258049	0.0	0.0	0.0	0.0	0.027748096012574188	0.2226125113871473	0.3471431326744736
136	-0.8527327636718751	0.3840495413970222	0.0	0.0	0.0	0.16676511083961165	0.4491066340892085	2.8316492616930986e-05	5.0397181540762226e-05
137	-0.9956140429687496	0.41961078842425614	0.0	0.0	0.0	0.0	0.006809949841479883	0.2209469453192632	0.3526323164150008
138	-0.9955087011718746	0.4271950091026732	0.0	0.0	0.0	0.0	0.0020260000915233757	0.2215870436431322	0.3491919471626712
139	-0.9572931640624996	0.20586975259707163	0.0	0.0	0.0	0.0	0.0	0.35176641938911	0.44236382801381835
140	-1.0072995019531255	0.4121216466770427	0.0	0.0	0.0	0.0	0.0	0.24026305536941245	0.34761529795354484
141	-0.9331286328124979	0.3596888866867551	0.0	0.0	0.0	0.0	0.49284848940863124	0.14743472829853124	2.789560608251751e-05
142	-0.8561392871093704	0.20227292837951624	0.0	0.0	0.0	0.09181046916332929	0.1689807925047905	0.5367895499249654	0.00014626002739859256
143	-0.8280699023437441	0.2972913310285724	0.02826322252738167	0.08291706042607172	0.02286723345749664	0.0467691257939471	0.005764024254182876	0.43140892228241323	0.08471908022993435
144	-0.9032339843749927	0.3092171912970314	0.06764504078483646	0.031089521470649695	0.018493262280902534	0.030524447126655807	0.19484297531204486	0.2684221286180877	0.07976543310979156
145	-1.010839882812501	0.4070937405651796	0.0	0.0	0.0	0.0	0.024099089369331268	0.23729404815777785	0.3315131219077113
146	-0.9868149414062508	0.27754535142881387	0.04664200436589386	0.0	0.0	0.0	0.03993369713399264	0.24511398034454585	0.39076496672675387
147	-1.014574892578124	0.19918119264032588	0.0	0.0	0.0	0.0	0.15137585596543818	0.30348509711492744	0.3459578542793085
148	-1.0069100488281266	0.30814786269471456	0.0	0.0	0.0	0.0	0.11167675882176609	0.2808460845397206	0.2993292939437988
149	-1.0036042675781267	0.3128567294169286	0.0	0.0	0.0	0.0	0.10548429821650138	0.27811195585874626	0.3035470165078238
150	-0.960177490234374	0.22223172191171736	0.0	0.0	0.0	0.06986199710802941	0.09513056587015645	0.31761544044982326	0.2951602746602735
