Iteration	COC_Opt	Pt	Ru	Rh	Ir	Re	Os	Pd	Au
1	-0.16632427734374963	0.0574635945148414	0.06686054905477357	0.3101469138334817	0.04486015916395447	0.052006761199380636	0.015387053983433763	0.025964543612316593	0.4273104246378179
2	-0.13353959960937523	0.013763503131422272	0.2539123084882976	0.16314106332736467	0.03992127048486793	0.309448777202616	0.013705913586534058	0.2051681989599805	0.0009389648189169764
3	-0.12075371093750085	0.03839767614304457	0.12158000265464708	0.08219915613590645	0.2465434296959702	0.27116173180012293	0.1484287696994152	0.06119524575593427	0.030493988114959292
4	-0.17712542968749928	0.060729956798203207	0.05505891282896987	0.3343678256305819	0.02881410570098436	0.024188740852135224	0.004714939608274882	0.016017192071033	0.4761083265098175
5	-0.4041682128906236	0.07342469875998706	0.009357797706047994	0.42956385807917036	0.0	0.0	0.0	0.0	0.4876536454547946
6	-0.5376506347656238	0.07761204639653557	0.0	0.4609581365293476	0.0	0.0	0.0	0.0	0.4614298170741169
7	-0.5739208789062487	0.08262010776618388	0.0	0.49849903388582045	0.0	0.0	0.0	0.0	0.4188808583479957
8	-0.7164320703124991	0.13999185918005155	0.0	0.5423532930907332	0.0	0.0	0.0	0.0	0.31765484772921526
9	-0.4427626660156257	0.171999363279897	0.011910720846485406	0.6060044537658837	0.02299066893734147	0.05328671834714628	0.09121438463513734	0.04259268521977225	1.0049683365487283e-06
10	-0.6043291406250002	0.21616455291266756	0.0	0.5400240891244644	0.0	0.0	0.0	0.0	0.243811357962868
11	-0.5982775097656237	0.1124978842873858	0.0	0.6095014532563295	0.0	0.0	0.0	0.0	0.27800066245628463
12	-0.8763252148437514	1.0	0.0	0.0	0.0	0.0	0.0	0.0	0.0
13	-0.8724094042968757	0.9106461151952163	0.02388966552683024	0.0	0.0	0.005506202401295194	0.05993240781126658	0.0	2.5609065391618557e-05
14	-0.8903991601562514	0.8629723683686077	0.01956977833375677	0.011603935548778518	0.06637406575470703	0.036974523655078084	0.0024681398367353735	3.7184775834125495e-05	3.7265024399602e-09
15	-0.9124549707031261	0.8541432607644435	0.014831109616359696	0.0011626226524126854	0.009954571357461172	0.021304447971963715	0.011910961310769642	0.08669302571159598	6.149936115917853e-10
16	-0.7656770605468745	0.7842335339455758	0.0015839875398016617	0.08121714770476056	0.007195589982036603	0.08967974414958557	0.025222228104206823	0.010823239765881572	4.452880815131177e-05
17	-0.5427567382812502	0.7008158318354468	0.005283553187364511	0.031585221941046376	0.16762475095798313	0.04598051377563763	0.029341387036361542	0.01936871779360562	2.347255434465012e-08
18	-0.3641503710937484	0.07163648074531753	0.01393578487861202	0.029023692310564127	0.0	0.01359511750668607	0.871808907343208	0.0	1.7215612269083636e-08
19	-0.21013666992187513	0.0	0.0	0.0	1.0	0.0	0.0	0.0	0.0
20	-0.5943549804687495	0.09689147340734704	0.0	0.00024151618935856303	0.04354498834284002	0.047820809694882456	0.0	0.8105322998012002	0.0009689125643717045
21	-0.1303207421874999	0.0	1.0	0.0	0.0	0.0	0.0	0.0	0.0
22	-0.5084183691406271	0.08625415066446143	0.0	0.018996247760554294	0.05948280056161611	0.756129301020198	0.0479869030448834	0.03115059103125929	5.917027423585353e-09
23	-0.6950050683593753	0.5509671221836612	0.28348694294781035	0.029471677559944353	0.0	0.0	0.11376531180800326	0.020639690721137364	0.001669254779443352
24	-0.9403678222656172	0.5699077797008014	0.029578268365136835	0.03267204693041554	0.0	0.004309520644165744	0.0	0.36297407786650127	0.0005583064929790549
25	-0.9374381445312456	0.35130487429850465	0.012519368710180473	0.010492249275188695	0.03338701885923919	0.005347714497470906	0.06394830459279363	0.5229168450891716	8.362467745093305e-05
26	-0.9151232031249971	0.5356196873094001	0.00030585802189362434	0.0	0.0	0.0	0.047098971913641846	0.41697441910156174	1.0636535026087302e-06
27	-0.784707705078123	0.49102627317957676	0.10401030141400013	0.0050784292055959445	0.011877639953355173	0.011672654131725682	0.0384435526598477	0.33789092976622753	2.196896711215146e-07
28	-0.9567229199218702	0.3613516676385876	0.02902741808640383	0.012291226516586042	0.0016835178089926741	0.0359420979639886	0.017174417967055468	0.5425268021834857	2.8518349000083987e-06
29	-0.6789934472656218	0.26620338630106716	0.0	0.17206866024473338	0.025972693412064055	0.012108055588322902	0.0	0.5236464884248779	7.160289345886639e-07
30	-0.8941595605468697	0.3146027013454899	0.018555404422990432	0.010085398702850698	0.014342636390059492	0.22224017236870808	0.0005302518358642939	0.41962124833799036	2.218659604680262e-05
31	-0.9042644140624987	0.45839444877614605	0.0	0.0	0.0	0.3364249413891517	0.060932052935458496	0.14424779395738205	7.629418616872385e-07
32	-0.9472381152343725	0.3758992463933457	0.008678082955406258	0.01713688635665735	0.03713647573055582	0.0326109456616936	0.03452161086381707	0.49386012316796873	0.00015662887055545305
33	-0.9164943066406216	0.40206660770632674	0.002223374480930018	0.01998461283503239	0.03959433297372439	0.029605203646624334	0.11318550962874852	0.3863300467087346	0.007010312019879006
34	-0.8728734082031209	0.28148678906600766	0.004018314365950083	0.008033532416681779	0.020155239214707785	0.03480067218080668	0.2155903856635745	0.4353370594221819	0.0005780076700896419
35	-0.9032457714843743	0.6092008398437799	0.0038045016246714943	0.0006258663064930608	0.01670159018434404	0.044279021284178585	0.05197035275904784	0.273414810648441	3.017349044065476e-06
36	-0.9028209960937472	0.426109917909913	0.0	0.0	0.0	0.13632750407123884	0.048618843936367735	0.3889283075241047	1.54265583757196e-05
37	-0.9252752539062472	0.40221837510592257	0.00291515627836568	0.0024252892331975344	0.0006602227665690769	0.11057046654435167	0.3010589331123752	0.1801477960532303	3.760905987970631e-06
38	-0.8699684570312501	0.5212972778060536	0.0	0.0	0.0	0.0011025175882532858	0.42043020069777975	0.05709227897807866	7.772492983459944e-05
39	-0.9318510156249975	0.45839431040073053	0.0	0.0	0.0	0.05819246180322318	0.20848943755649768	0.2748967710485828	2.7019190965926754e-05
40	-0.8977569824218755	0.6661538586072264	0.0	0.0	0.0	0.2276301751022755	0.0006792361915319052	0.10533278567392901	0.00020394442503712806
41	-0.9150153124999967	0.42400729013072114	0.0	0.0	0.0	0.10718233766954108	0.03717248619150551	0.431619410598068	1.847541016419818e-05
42	-0.947082695312497	0.5281664173414327	0.00669330196402109	0.003931637021805798	0.014029306489858274	0.029488982325149616	0.24763406152476175	0.1700528310767866	3.462256184305623e-06
43	-0.9065192871093717	0.36035310859310943	0.0	0.0	0.0	0.050450808880974446	0.06108867931094843	0.5280978989933218	9.504221645917355e-06
44	-0.9880127441406197	0.36294704711495	0.06364367560202519	0.006461108489147702	0.003733433670096035	0.002136923716465795	0.24677059584166083	0.31430718414553477	3.142011961720925e-08
45	-0.9270201367187453	0.43178475284661294	0.0	0.0	0.0	0.003012868150604789	0.10673201534316133	0.45845101601300886	1.9347646612044578e-05
46	-0.9248994042968707	0.5231875254928002	0.0	0.0	0.0	0.0	0.0902911542581247	0.383305867544486	0.003215452704589117
47	-0.9497095214843717	0.478090047371952	0.0	0.0	0.0	0.0002146956431912817	0.2610173679783921	0.25961526729582385	0.0010626217106408653
48	-0.9468052343749975	0.46223423232338257	0.00017421582231881682	0.0	0.0	0.00040659189157629894	0.3143854583773784	0.22278235028553026	1.715129981361141e-05
49	-0.8896651171874954	0.22140889614123682	0.0	0.0	0.0	0.0	0.3144638591744071	0.464127086740659	1.579436970100545e-07
50	-0.9458510546874953	0.4146036959355664	0.0	0.0	0.0	0.0	0.1608184838185033	0.42348533836200514	0.0010924818839250783
51	-0.9782832519531204	0.3875314298723222	0.012537053486388597	0.0	0.00014523126970265504	0.004913168296237467	0.313568350474615	0.281301039405309	3.7271954249629147e-06
52	-0.893641933593747	0.3084713181828978	0.00396067105552103	0.02364279663894997	0.012102908868028782	0.03894310606092117	0.34509051463276136	0.2676582804775881	0.0001304040833317588
53	-0.9296551660156213	0.45332228111551504	0.0	0.0	0.0	0.00039703194414963575	0.0	0.5460336498961298	0.00024703704420558914
54	-0.8987075292968694	0.41563984306646573	0.0	0.03636602071391903	0.0	0.04352589139392811	0.22334123257677013	0.2811181916594357	8.820589481262076e-06
55	-0.9008096777343708	0.2683723299026807	6.585698444855737e-06	0.0	0.05038767711304386	0.0	0.34778700752882236	0.3332905836830454	0.00015581607396286667
56	-0.9284816894531228	0.43449691143218316	0.004666190636692061	0.0011426663672050655	0.0002752493157974099	0.2624313054097493	0.022409486942911103	0.2745730684335675	5.121461894352919e-06
57	-0.927214619140618	0.3269741303291996	0.07821191585881522	0.0	0.0	0.0	0.2718934648579983	0.32262432598549656	0.0002961629684903322
58	-0.9504724999999967	0.46375648346943055	0.0	0.0	0.0	0.0	0.25676950717019675	0.27683818986295305	0.0026358194974196447
59	-0.9473113378906224	0.4512503615438191	9.351351503571426e-05	0.0	0.0	6.41568260502579e-05	0.32085718690749837	0.22772201855426163	1.2762653334830176e-05
60	-0.9263503222656209	0.40161957232409595	0.005949761297382637	0.009028588234593822	0.006438178519582964	0.046511575986259636	0.11414314677434236	0.41627770515984247	3.147170390005449e-05
61	-0.9590574902343706	0.4272515204211591	0.0011938431561983633	0.0	0.0	0.0007904260596191298	0.26684125116919966	0.30385376601547526	6.919317834852556e-05
62	-0.8586403222656254	0.3586842492506183	0.0058177597896180485	0.0	0.0	0.2527130525265512	0.36112995654602054	0.021651974634560964	3.0072526310265246e-06
63	-0.9293884374999962	0.49352177079876836	0.0	0.0	0.0	0.0	0.0	0.5008502745945556	0.005627954606676089
64	-0.9470446093749973	0.43085020116246114	0.001434552218106285	0.0	0.0	0.0	0.3357098336720092	0.23026214450567026	0.0017432684417530986
65	-0.9501087695312467	0.42858558437751143	0.00020670002835070967	0.0	0.0	0.00012373592412868442	0.309506000379155	0.26152382976175276	5.414952910132165e-05
66	-0.9559093847656213	0.42647105035535143	0.0026326897096829774	0.0	0.0	0.0008524181276048641	0.28107016634524384	0.28896803706964175	5.638392475137977e-06
67	-0.9326205566406225	0.3749449600141701	0.0	0.0	0.0	0.0	0.0	0.48745564044996814	0.13759939953586175
68	-0.6893460546875	0.32259764149937414	0.12607465050239494	0.001717413930348761	0.010382272147675497	0.004247897691828307	0.39460679586903485	0.14037329710078034	3.1258563293334873e-08
69	-0.9482963183593717	0.4585395106356436	0.0	0.0	0.0	0.0007670397265014916	0.2924114662748686	0.24827747355501775	4.509807968622326e-06
70	-0.318248701171876	0.10550204689811625	0.05842411879967049	0.0	0.2675193778063233	0.00012441101474018414	0.008618027413685277	0.5565153077138402	0.0032967103536243325
71	-0.9248293359374973	0.4762815465834053	0.0	0.0	0.0	0.08882136569083192	0.26517993169321535	0.16938991702507805	0.00032723900746933765
72	-0.8703080859375008	0.5437460906000087	0.0	0.0	0.0	0.4548410412595372	0.0	0.0008496515135869628	0.0005632166268672023
73	-0.9182652734374981	0.6926390439744534	0.0023485096371122127	0.017638883725534425	0.0011821915275305993	0.008982390558412302	0.007406982573802146	0.26939256662955485	0.00040943137360005544
74	-0.910118017578122	0.4196195722333252	0.0	0.0	0.0	0.0068347425337845005	0.043678376500272585	0.5264085345495143	0.0034587741831033636
75	-0.9528266210937452	0.4130738898355722	0.00026204335534790664	0.0004276031626228654	0.0	0.0	0.24670584652521535	0.3394565790130399	7.403810820183487e-05
76	-0.9453685546874954	0.382256771528877	0.0	0.0	0.0	0.0	0.22706081824742497	0.37918376693675915	0.011498643286938948
77	-0.9013765624999969	0.34006575351719937	0.0	0.0	0.0	0.2732717901666265	0.14024528886339788	0.24589147219366242	0.0005256952591137232
78	-0.2346338085937505	0.02325913596244949	0.01793528624075983	0.0	0.0	0.39520034565260037	0.27854984447841025	0.2846967865435127	0.00035860112226737684
79	-0.8527327636718751	0.44438965161896954	0.0	0.0	0.0	0.29919771075189305	0.25356580424760616	0.002799480769399664	4.735261213162367e-05
80	-0.9585496582031212	0.4697850869852301	9.0217138168012e-06	0.0	0.0	0.0	0.24225338154531292	0.28794630179395264	6.20796168759874e-06
81	-0.6869006152343766	0.7534810810354522	0.19757220684827362	0.0039177830919703335	0.017604323188865297	0.007976584696272012	0.015367974598467117	0.003836415146107993	0.0002436313945913815
82	-0.9528266210937452	0.3617153768816998	0.0016827865213591457	0.0	0.0	0.0	0.28629562598236924	0.34990034709133816	0.0004058635232335739
83	-0.9525598925781201	0.3703877111433606	0.0	0.0	0.0	0.0	0.2811067812732458	0.3450953800635573	0.003410127519836381
84	-0.9360603613281232	0.36993814426268884	0.0	0.0	0.0	0.45671498016713485	0.0	0.17285497692311855	0.0004918986470577869
85	-0.8286711914062513	0.33440806079234686	0.0	0.0	0.0	0.40442961887061574	0.0	0.0	0.26116232033703746
86	-0.9471572070312471	0.48843785839113696	0.0023994286279781568	0.0	0.0	0.0	0.27162734781497055	0.2372342205242557	0.00030114464165864607
87	-0.9808102246093705	0.40050726599422865	0.02555308141843899	0.0	2.1644192295323004e-05	0.0	0.29449277397966084	0.2794246392034498	5.952119264129863e-07
88	-0.9607599414062479	0.36819587194921477	0.0	0.0	0.0	0.0	0.23882871712041165	0.23454317167881522	0.15843223925155836
89	-0.9185700976562515	0.48142493415783383	0.0	0.0	0.0	0.0	0.24496834991045066	0.0	0.2736067159317155
90	-0.9886201367187492	0.48757139636123886	0.0	0.0	0.0	0.0	0.0	0.15189724646741687	0.3605313571713442
91	-1.0067449902343752	0.5315681909688161	0.0	0.0	0.0	0.0	0.0	0.20929798261214208	0.2591338264190418
92	-0.9770430566406243	0.49589503482972036	0.0	0.0	0.0	0.0	0.1177270678885815	0.1513098033533351	0.23506809392836303
93	-1.0108653417968756	0.5220529900054856	0.0	0.0	0.0	0.0	0.0	0.22502243300328914	0.2529245769912253
94	-0.781957646484371	0.556138926022299	0.0	0.12003043058083898	0.0	0.0	0.0	0.32383060583438916	3.7562472909868916e-08
95	-0.9925738769531246	0.39543195940577963	0.0	0.0	0.0	0.1375286106321023	0.0	0.1676681859590345	0.29937124400308357
96	-0.9650408886718745	0.3488750077908607	0.0	0.0	0.0	0.243339879900357	0.0	0.1959344855965144	0.21185062671226795
97	-1.0074785839843756	0.4507451889301539	0.0	0.0	0.0	0.0	0.0	0.22529180076307967	0.32396301030676644
98	-1.0104646093750007	0.47998135655971325	0.0	0.0	0.0	0.0	0.0	0.22515837651945414	0.29486026692083267
99	-0.9112838183593764	0.4145523494226148	0.0	0.0	0.0	0.12631283149625971	0.0	0.0	0.4591348190811255
100	-0.6381974316406244	0.4098878169498535	0.0	0.0	0.12936902557590407	0.0	0.25252770523120704	0.20821478480917832	6.674338570711313e-07
101	-0.7055435839843759	0.4477847763098548	0.20510209188766654	0.0	0.0	0.2869465989178751	0.033115368363312706	0.027049672188265605	1.4923330252658573e-06
102	-1.0212830078125008	0.49083394987097545	0.0	0.0	0.0	0.0	0.0	0.23683511684510686	0.27233093328391766
103	-0.8926050488281242	0.6610488683872577	0.024430960864919336	0.00042528667073352344	0.015346250190264909	0.00423069204909085	0.22896179995977198	0.06471638421120351	0.0008397576667581452
104	-1.00185005859375	0.46985227607212965	0.0	0.0	0.0	0.05179900125249553	0.0	0.21905401445802813	0.2592947082173467
105	-0.4650855957031247	0.16223552375968409	0.0	0.41792603354093055	0.0	0.38508313424548923	0.004525267912877864	0.02860874081091195	0.0016212997301062737
106	-1.0157616699218757	0.5038323145656916	0.0	0.0	0.0	0.0	0.0	0.2571286648130263	0.23903902062128213
107	-0.7040168164062482	0.3008477029726983	0.14970221529600294	0.0	0.0	0.01633023446889628	0.01706134080077024	0.5159312408709822	0.00012726559065001641
108	-0.28487034179687476	0.003421032320487965	0.0	0.0	0.0	0.0	0.5780864122213093	0.41743525635645073	0.0010572991017520073
109	-0.9714447460937518	0.3570373514322278	0.0	0.0	0.0	0.106865531122061	0.10349987241654046	0.1268549041449065	0.3057423408842642
110	-0.9969031835937511	0.510650759493065	0.0	0.0	0.0	0.0	0.0	0.2645663675876023	0.22478287291933263
111	-0.2042256054687498	0.0	0.0	0.07577240623033617	0.5762770241473685	0.0	0.3448802239740672	0.0	0.0030703456482281677
112	-0.19580251953124989	0.05665249906335992	0.0	0.2992391801566209	0.0	0.10685508171910788	0.5372299016140375	0.0	2.3337446873883394e-05
113	-0.948940869140621	0.4625745527040887	0.07854639886548172	0.0	0.0	0.0	0.2531717093782616	0.20570398193111647	3.35712105148378e-06
114	-1.0100352050781256	0.48076363124816934	0.0	0.0	0.0	0.0	0.0	0.23027160691274823	0.2889647618390825
115	-1.0089923046875005	0.48775512502291957	0.0	0.0	0.0	0.0	0.0	0.23023644431546916	0.2820084306616113
116	-0.9888604687499991	0.36893124675863087	0.0	0.0	0.0	0.05676838954219288	0.0	0.21543127424786254	0.3588690894513137
117	-1.0089923046875005	0.4882893353323459	0.0	0.0	0.0	0.0	0.0	0.22947102895932667	0.28223963570832744
118	-0.5444942773437512	0.3427793392981846	0.013181776659418146	0.0	0.1838480287977135	0.30721150173681033	0.0	0.1529636378086704	1.5715699203000533e-05
119	-1.0086297656250005	0.49096635487061036	0.0	0.0	0.0	0.0	0.0	0.22950441836847565	0.27952922676091396
120	-0.6699176367187494	0.43855182163235845	0.0	0.15587035084412765	0.0	0.34695207463747707	0.0	0.05850132112526748	0.00012443176076926132
121	-0.7307031347656252	0.27170169666491195	0.0	0.0	0.0	0.41803256365570013	0.31024578433939354	0.0	1.9955339994437438e-05
122	-0.949660878906252	0.36187177071459664	0.0	0.0	0.0	0.0	0.0	0.10991656181388751	0.5282116674715158
123	-1.0086297656250005	0.4905447302147539	0.0	0.0	0.0	0.0	0.0	0.22930287740529576	0.28015239237995027
124	-0.16595531249999937	0.07045815049250555	0.4018251764923996	0.0	0.030745401537479993	0.49557426741740035	0.0007203919517891405	0.0	0.0006766121084252896
125	-0.8641412597656235	0.5511808199086707	0.07716397682032845	0.0	0.0	0.13310910552089764	0.23853985261330765	0.0	6.245136795479667e-06
126	-0.8011309082031262	0.3022664850986152	0.0	0.0	0.0	0.16094261100498386	0.18613505868088281	0.0	0.3506558452155182
127	-1.0095657617187506	0.49176886293800787	0.0	0.0	0.0	0.0	0.0	0.23054691800162885	0.2776842190603632
128	-0.9198530859375024	0.7542881615258956	0.0	0.0	0.0	0.0	0.0	0.0	0.24571183847410438
129	-1.0095076953125004	0.4936070896808081	0.0	0.0	0.0	0.0	0.0	0.23131182970365988	0.27508108061553205
130	-0.2640512402343747	0.09716209832120348	0.002599909004947996	0.45922016974321833	0.3871190529984197	0.04917665300698148	0.004460948134014729	0.0	0.00026116879121418357
131	-0.2574016015625003	0.04579303749001709	0.0	0.0	0.0	0.6174736511972211	0.0	0.3326174720518388	0.004115839260923071
132	-1.0200862109375015	0.40513646286543814	0.0	0.0	0.0	0.0	0.08436812233859357	0.2384702093125978	0.2720252054833705
133	-0.7236337304687505	0.4334703890040996	0.5660905320252354	0.0	0.0	0.0	0.0	0.0	0.0004390789706649745
134	-0.7449327246093765	0.3804861605600678	0.1652197751726879	0.0	0.0	0.0	0.0	0.0	0.4542940642672443
135	-0.999287949218751	0.4098511054521418	0.0	0.0	0.0	0.0	0.08128628903484905	0.23341060358847437	0.2754520019245348
136	-0.34907450195312445	0.1739364461929763	0.5063992784521489	0.0	0.2933462196523517	0.0	0.026269680033823854	0.0	4.837566869919652e-05
137	-1.0203976660156258	0.37858174078198265	0.0	0.0	0.0	0.0	0.10506711110824986	0.2792582178509108	0.2370929302588567
138	-0.5251976855468752	0.08660391082631887	0.613648646616218	0.0	0.0	0.0	0.29966621316387604	0.0	8.122939358701231e-05
139	-1.0194794042968758	0.3731197387563244	0.0	0.0	0.0	0.0	0.1076878754102961	0.28316865699907395	0.23602372883430545
140	-1.0094124218750005	0.3771738502060345	0.0	0.0	0.0	0.0	0.10981891233284163	0.2839900013957656	0.2290172360653583
141	-1.0287990722656262	0.3658693981406486	0.0	0.0	0.0	0.0	0.09861675639635262	0.26341969945602983	0.2720941460069689
142	-1.0127971484375025	0.33973906743848464	0.0	0.0	0.0	0.0	0.09722382689641297	0.25250484557226244	0.31053226009283996
143	-1.0283235253906258	0.36642955127579513	0.0	0.0	0.0	0.0	0.09533618618460346	0.26287166241777965	0.2753626001218217
144	-1.0267460644531263	0.36547488371632403	0.0	0.0	0.0	0.0	0.08806994103617312	0.2637030893991358	0.2827520858483671
145	-0.9883789746093731	0.3281234316529235	0.0	0.0	0.0	0.11548051902837743	0.0	0.2988728351471031	0.25752321417159596
146	-1.023726435546877	0.36152509277708317	0.0	0.0	0.0	0.0	0.07115578145802035	0.2775830088791943	0.2897361168857022
147	-1.0290766308593762	0.3626660169884507	0.0	0.0	0.0	0.0	0.07765684714216556	0.27277268502582636	0.2869044508435574
148	-1.036999755859374	0.37839903843053513	0.0	0.0	0.0	0.0	0.0	0.2960803787988677	0.32552058277059714
149	-1.0372609960937489	0.37463706838438293	0.0	0.0	0.0	0.0	0.0	0.2988855196588336	0.3264774119567835
150	-1.032726933593749	0.37167775126128216	0.0	0.0	0.0	0.0	0.0	0.29953679179348724	0.32878545694523065
