Iteration	COC_Opt	Pt	Ru	Rh	Ir	Re	Os	Pd	Au
1	-0.3135021289062487	0.12404485098310392	0.10121368801602082	0.09876200723465911	0.19205952124849623	0.0096412250304867	0.2977183526787577	0.11335845518237908	0.06320189962609646
2	-0.7372208984375003	0.415592995155899	0.03892203732449162	0.0051092123484316465	0.10102286963430973	0.2763389294679932	0.07243021237659975	0.0455250148998092	0.04505872879246586
3	-0.14291176757812493	0.009663168471807926	0.11450838323851764	0.135817036949076	0.17205529865627844	0.2470700661181121	0.022253131738810272	0.07760253475332612	0.2210303800740715
4	-0.7703373437500001	0.4546541113903498	0.030656926105290777	0.0	0.09293966816807044	0.2811706585128972	0.07326507090702784	0.041491904349046906	0.02582166056731705
5	-0.861860185546877	0.7516400193313355	0.00035979812376935705	0.0	0.06283802729117983	0.1413370172617765	0.015095742240656993	0.028729387718158837	8.033122944617332e-09
6	-0.7245177539062506	0.7372933571315982	0.23744542926286097	0.0	0.0	0.0006649866804396129	0.003334235440993931	0.021247345790030812	1.4645694076498295e-05
7	-0.9359764941406208	0.4835146270810167	0.013184294210118262	0.01846852169560288	0.0054943727782532994	0.009654653581073456	0.012253135353361764	0.45717309302216225	0.0002573022784113643
8	-0.2294132617187497	0.02659445564819089	0.020717008720290506	0.026338121943607747	0.061707759878153384	0.06315227044409635	0.027630748593206206	0.7735888204341309	0.00027081433832398805
9	-0.9306731640624971	0.5686109475500382	0.00418294725322136	5.20455790825471e-05	0.006176943912275478	0.009337922062845429	0.1622651310190392	0.24204582615290537	0.007328236470592442
10	-0.7056683593750007	0.4878024734846443	0.011176818852440715	0.42892212125182133	0.0	0.004693288697683889	0.027794903281709023	0.039559682283091716	5.07121486090778e-05
11	-0.9440828027343718	0.6968584052906102	0.0	0.0	0.0	0.0	0.0	0.2987604662631145	0.004381128446275362
12	-0.9334046386718718	0.5664967678684446	0.0	0.0	0.0	0.1293819089423724	0.0019274994275136196	0.30205446498264027	0.00013935877902926386
13	-0.6087554589843739	0.536559871590346	0.00651797903112647	0.0	0.26311367193642005	0.01605604426917628	0.0020109348266632234	0.17385356621490447	0.0018879321313634012
14	-0.7039729785156252	0.1603039372312354	0.017365049684274794	0.0	0.0	0.022097800679486815	0.8001279870039406	0.0	0.00010522540106239209
15	-0.6968081347656235	0.5996422139170633	0.0	0.11641545699177583	0.0	0.03146270656261066	0.07520348452156538	0.17721697659533875	5.9161411646191375e-05
16	-0.2554558007812497	0.04942238728983259	0.006775914970409341	0.7225321024542196	0.04096769626202994	0.001836044427018339	0.17116631723050818	0.00447083180150884	0.002828705564473233
17	-0.5797747265624995	0.20676149191657378	0.7685887557224268	0.008106071162251496	0.00020354381700431377	0.016338895393363438	0.0	0.0	1.2419883802516907e-06
18	-0.8816907617187492	0.5225417404423878	0.04424141859891542	0.006547503659086991	0.01766582057182116	0.020124996153092465	0.3752540988091843	0.013269542514230025	0.0003548792512818588
19	-0.5996930957031238	0.16199100764781588	0.018389001584173028	0.04793269345402629	0.0	0.7341161216123631	0.019844266975196492	0.01758867426949602	0.00013823445692917602
20	-0.8527327636718751	0.44197887655645685	0.0	0.0	0.0	0.19327527699900138	0.35954618940619787	0.0	0.005199657038343908
21	-0.8646805566406253	0.8216534615514609	0.0	0.0	0.0	0.002246394498546007	0.1724232025155012	0.0	0.0036769414344919316
22	-0.8514439941406248	0.6300064456003307	0.0	0.0	0.0	0.19860505403912865	0.09347263593794956	0.07790852357765742	7.340844933700907e-06
23	-0.21700247070312526	0.04120326742819666	0.0024251491636943768	0.007203748073631947	0.9119841528563899	0.007635066996530568	0.019577003853214984	0.009850053977569523	0.0001215576507719307
24	-0.7742016113281238	0.4153736089291727	0.22647913363919342	0.009633669883224871	0.0012443048874769141	0.04597820080123683	0.030372534739133983	0.2700286883656498	0.0008898587549115433
25	-0.9116402050781243	0.5986481239501243	0.015847838713028854	0.008757065049840761	0.022168268352509866	0.02266795304771951	0.21750084595254596	0.11399711402889695	0.0004127909053337486
26	-0.9333213867187474	0.576501978859757	9.457462197457031e-05	0.0010033038637537618	0.004615046384567476	0.03028934526128355	0.13442963976423258	0.25111812444777587	0.001947986796655199
27	-0.9263601074218729	0.5148291104206856	0.0	0.0	0.0	0.02059258686701863	0.32563593741423097	0.13877277388056386	0.0001695914175009472
28	-0.8647796093750003	0.6491864609891493	0.0	0.0	0.0	0.0015904992576997203	0.3490181949131993	0.00019967662077434716	5.16821917728727e-06
29	-0.918556250000002	0.48464425937388883	0.0	0.0	0.0	0.0	0.2146366026313766	0.0	0.3007191379947346
30	-0.5834165625000004	0.5601876779042766	0.0	0.0	0.13906716330156643	0.007970061758085371	0.2908818877560412	0.0018922352709241767	9.740091062582223e-07
31	-0.9364439746093717	0.6399535909574546	0.0	0.0	0.0	0.006426574224000986	0.03231854461759709	0.3212980684689457	3.2217320016236783e-06
32	-0.6959826367187495	0.4287160753421423	0.30104487307468825	0.0	0.0	0.038748800698083105	0.23147783687074877	0.0	1.2414014337602808e-05
33	-0.9291228906249973	0.5595133506063277	0.0	0.0	0.0	0.007415418990915364	0.24126754122526733	0.18891420707599815	0.002889482101491536
34	-0.9161940820312482	0.5031312539072534	0.05247717368165084	0.00418718617735989	0.011663464364774534	0.09244455099281225	0.23156843347218392	0.10446644235432911	6.149504963604002e-05
35	-0.9318589062499959	0.4226957612291481	0.003486023498068412	0.0	0.0	0.03433592871413024	0.14360749886780788	0.3958443626911539	3.04249996914141e-05
36	-0.9261536230468773	0.6757145855281634	0.0	0.0	0.0	0.0	0.0	0.0	0.32428541447183656
37	-0.27274108398437547	0.0	0.0	0.016502062894180488	0.03170404602978685	0.0035940406346957545	0.6708294844206215	0.27734857410743213	2.1791913283220055e-05
38	-0.9177512695312463	0.4694674593976315	0.0	0.0	0.0	0.09312007072072523	0.0	0.4370484879359165	0.0003639819457268434
39	-0.9210250390625017	0.44238016024309196	0.0	0.0	0.0	0.0	0.0	0.0	0.5576198397569081
40	-0.9597806640624988	0.46506027487040746	0.0	0.0	0.0	0.0	0.0	0.33117003307652854	0.20376969205306406
41	-0.9731302539062499	0.490080411510507	0.0	0.0	0.0	0.0	0.08463433407724752	0.14420354522537682	0.2810817091868686
42	-0.9866048437500003	0.40105667712773	0.0	0.0	0.0	0.0	0.09824249236471029	0.19597029730055449	0.30473053320700516
43	-0.8671165234375003	0.4601333967543616	0.0	0.0	0.0	0.0	0.5393934817478494	0.0	0.0004731214977889975
44	-0.9909509765624991	0.37022034920167646	0.0	0.0	0.0	0.0	0.0	0.17785257723366385	0.45192707356465966
45	-0.14594472656249993	0.034930149182384795	0.44881308652263574	0.0	0.0	0.0	0.5162560224815862	0.0	7.418133932679538e-07
46	-0.9799657226562485	0.40519157045918364	0.0	0.0	0.0	0.07975784813819349	0.0	0.1688166879905291	0.34623389341209376
47	-0.8703080859375008	0.5164692522930201	0.0009118741892695293	0.0	0.0	0.48256559365308827	0.0	0.0	5.3279864622113315e-05
48	-0.9217043359375002	0.34355526624309907	0.0	0.0	0.0	0.0	0.06332219035937413	0.13392670423030664	0.4591958391672202
49	-0.940249267578123	0.43926692771868775	0.0	0.0	0.0	0.34492230165184157	0.0	0.21507322905860038	0.0007375415708703592
50	-0.9936398339843745	0.43246017162476597	0.0	0.0	0.0	0.0	0.0	0.2075005818518347	0.36003924652339936
51	-0.8636070605468712	0.3247549813284198	0.0	0.0	0.0	0.28858963498495593	0.19386826623042394	0.19219100458763866	0.000596112868561649
52	-0.9934840039062495	0.4324671247556306	0.0	0.0	0.0	0.0	0.0	0.2021452174188476	0.36538765782552174
53	-1.0071614453125004	0.3769966768385508	0.0	0.0	0.0	0.0	0.0	0.23695110551807444	0.3860522176433747
54	-0.7167368066406226	0.27960251067523717	0.0	0.2671462569380795	0.0	0.0	0.0	0.45280916006303235	0.00044207232365089943
55	-0.7360222753906234	0.37882350244824986	0.0	0.0	0.11113085943029438	0.0	0.0	0.5100403148544688	5.323266986989594e-06
56	-0.17782494140624974	0.06644865363790839	0.5042911950261953	0.0	0.0	0.014230690106025913	0.0	0.41490146734314864	0.00012799388672157797
57	-0.44487295898437507	0.25355357091600816	0.2785562877247987	0.4477170771301788	0.0	0.009132470106159331	0.0	0.011018389692521495	2.220443033351671e-05
58	-0.6242377539062485	0.11104757440006943	0.013871748992496567	0.0	0.0	0.47743615530646044	0.0	0.3971208977480216	0.0005236235529519906
59	-0.5104276757812501	0.24501537789936798	0.0	0.43924727494379495	0.0	0.30736510068388084	0.0	0.008280042212574446	9.220426038192286e-05
60	-0.16993199218749966	0.008703626210090099	0.0	0.1264784324672569	0.0	0.44983404950414335	0.4148310516537932	0.0	0.0001528401647163946
61	-1.004769746093751	0.3556947345543915	0.0	0.0	0.0	0.0717418732001701	0.0	0.26103557505511876	0.31152781719031963
62	-0.9982290917968749	0.3156902932983261	0.0	0.0	0.0	0.0	0.0	0.28542654027418823	0.39888316642748567
63	-0.9958700292968775	0.3702104060022433	0.0	0.0	0.0	0.03858073656435098	0.05027203165350291	0.264254977637497	0.2766818481424058
64	-0.6261174218750024	0.3443681469719884	0.0	0.28755698448675737	0.0	0.0	0.34361642704029477	0.024384106476012274	7.43350249471364e-05
65	-0.762930859375	0.3542111698619374	0.15730069179283082	0.00011046260095485833	0.0	0.3505688680974835	0.012495742214451652	0.12482045828775806	0.0004926071445836566
66	-0.9394156152343754	0.3310947694924125	0.0	0.05957069038830188	0.0	0.0	0.0	0.26387916747158685	0.34545537264769877
67	-0.9393127148437502	0.3556115903630842	0.0	0.0	0.0	0.1932419815634812	0.0	0.2596449267518088	0.1915015013216257
68	-0.2710677441406236	0.0	0.0	0.5516661543955615	0.0	0.0	0.0	0.4470919894936793	0.0012418561107592208
69	-1.047297050781248	0.36091519610090717	0.028132661533392764	0.0	0.0	0.024488630794108356	0.0	0.25227173437805006	0.33419177719354165
70	-1.034988662109375	0.3554056137665343	0.07111348992408847	0.0	0.0	0.011665482883013882	0.0	0.2506037646712167	0.3112116487551466
71	-0.1154515429687501	0.0	0.5794933725140923	0.02177935441810467	0.39865042615380497	0.0	0.0	0.0	7.684691399811872e-05
72	-1.044014257812498	0.36618153242453283	0.05462723713504936	0.0	0.0	0.006466833494770765	0.0	0.25702754118372806	0.31569685576191897
73	-1.0361171582031234	0.3686608925024596	0.05415603701486775	0.0	0.0	0.012002852271699291	0.0	0.2591146160319399	0.30606560217903345
74	-1.0382758496093731	0.364869173396948	0.05311152378194177	0.0	0.0	0.012523996905493336	0.0	0.2530077274553242	0.31648757846029274
75	-0.7020433886718759	0.36693615060041945	0.14536487780273633	0.0	0.0	0.0	0.47013154231296334	0.01708778246147704	0.0004796468224039785
76	-0.8786372851562515	0.9624016956959413	0.0	0.0	0.0	0.0	0.0	0.03759203925647846	6.265047580278349e-06
77	-1.048617324218747	0.3649271329658689	0.05201291452472933	0.0	0.0	0.018925298371857403	0.0	0.24917094926122177	0.31496370487632264
78	-1.0550813085937476	0.36745083635992226	0.05327180716747992	0.0	0.0	0.026937931310440148	0.0	0.24270809898263543	0.30963132617952227
79	-1.0466581249999982	0.373971046351471	0.05834305034609466	0.0	0.0	0.03720513210771239	0.0	0.2309070947339561	0.29957367646076594
80	-1.0509845214843732	0.3707351488236984	0.05627154341453099	0.0	0.0	0.03674007233425986	0.0	0.23489355999000577	0.30135967543750497
81	-1.0487116113281234	0.36971037963532594	0.056462041414505205	0.0	0.0	0.04033418425942242	0.0	0.23464411219674502	0.29884928249400144
82	-1.0541787304687489	0.36829305698337284	0.0555466663612895	0.0	0.0	0.04019645133950342	0.0	0.23571646065818766	0.30024736465764656
83	-0.7482963476562512	0.4720157863552122	0.14126593663883438	0.0	0.0	0.0	0.0	0.0	0.3867182770059534
84	-1.0511264160156235	0.3570195288371998	0.059121128561051645	0.0	0.0	0.05510512400161133	0.0	0.25407438999747894	0.27467982860265827
85	-1.0559450097656238	0.3595430804780895	0.05552536075085762	0.0	0.0	0.04889155632859584	0.0	0.24779078428473014	0.28824921815772686
86	-0.2621233300781256	0.0	0.0	0.0073942473844491145	0.5346904277626545	0.0	0.043354112390392066	0.41456051983682063	6.926256835848577e-07
87	-1.060828007812499	0.350366904638861	0.05569026405614669	0.0	0.0	0.04973476811886946	0.0	0.24592377587147501	0.29828428731464784
88	-1.0085886425781252	0.3331810868060097	0.057748769468297795	0.0	0.0	0.05306692831664561	0.0	0.24193219085807502	0.3140710245509718
89	-1.038371464843749	0.3875455339911217	0.060149264006777434	0.0	0.0	0.053566832013083	0.0	0.2625657478308666	0.23617262215815127
90	-1.052657324218749	0.37627293627419306	0.05546671788355516	0.0	0.0	0.04111294405424468	0.0	0.2528580534201262	0.274289348367881
91	-0.8619682324218678	0.2942797995393247	0.08267343101990557	0.0	0.0	0.0	0.2669909029844449	0.35583135702571583	0.00022450943060903228
92	-0.8696090429687522	0.35032786528138327	0.0	0.0	0.05385941696922247	0.5378569123815964	0.0	0.05794482457212281	1.098079567507515e-05
93	-0.1303207421874999	0.0	1.0	0.0	0.0	0.0	0.0	0.0	0.0
94	-1.0519561132812487	0.3763521390096434	0.055082848328838974	0.0	0.0	0.04131875658706064	0.0	0.2538156540222278	0.27343060205222924
95	-0.1884147265625004	0.050287639778518425	0.0	0.0	0.27667484949585835	0.6598203384741537	0.00665848816906124	0.006558457494903344	2.265875049811683e-07
96	-1.0519561132812487	0.3767162409423046	0.055044316489852634	0.0	0.0	0.04146220584261605	0.0	0.253708468564783	0.2730687681604437
97	-1.044057490234373	0.3770291789737379	0.054968688622048595	0.0	0.0	0.041809844551004526	0.0	0.25329934213576777	0.27289294571744116
98	-1.0442179101562483	0.3758241445156954	0.05471331963050421	0.0	0.0	0.04091169641465994	0.0	0.2522803169028445	0.276270522536296
99	-1.0446039648437482	0.37499417872294605	0.054548367451663096	0.0	0.0	0.04033866398661079	0.0	0.25154494077140516	0.2785738490673749
100	-0.21595590820312413	0.028887927998074967	0.0020086124357089593	0.5151706752793863	0.3524177593449557	0.0	0.010333840079579468	0.09118109289071247	9.197158190588084e-08
101	-1.043803984374998	0.37439040121467404	0.05442932883586878	0.0	0.0	0.03993881844292822	0.0	0.25099168479428646	0.28024976671224255
102	-1.044051884765623	0.37383895254974514	0.054341388660024345	0.0	0.0	0.039594325444346004	0.0	0.25054695866672233	0.28167837467916224
103	-1.044051884765623	0.37341889162486064	0.054272043589406745	0.0	0.0	0.03935748604806449	0.0	0.2501652702467556	0.2827863084909126
104	-1.044051884765623	0.3730718373498223	0.05421545615796158	0.0	0.0	0.039175534695835054	0.0	0.2498427599325375	0.2836944118638436
105	-0.10327683593750032	0.05633083110911502	0.5079754883648048	0.0	0.0	0.43568709298667446	0.0	0.0	6.587539405744636e-06
106	-1.044051884765623	0.37283630093921954	0.05417898695914031	0.0	0.0	0.03913613812495773	0.0	0.24968309912522582	0.2841654748514566
107	-0.8561626464843771	0.33824003052291063	0.0	0.0	0.0	0.3770633562784302	0.0	0.0	0.28469661319865924
108	-1.0456505273437482	0.3725619322818405	0.05418184611046407	0.0	0.0	0.03848012804811964	0.0	0.249716968475466	0.2850591250841098
109	-1.0456505273437482	0.3724634233930986	0.05412390808088902	0.0	0.0	0.038511471460524874	0.0	0.24936908772418848	0.285532109341299
110	-0.2868507226562498	0.0	0.0	0.0	0.0	0.0	0.0	0.26935099951756436	0.7306490004824356
111	-0.9552803027343706	0.42355942175347266	0.04991250874192251	0.0	0.0	0.08492364209673717	0.17892764132718886	0.26264833035375323	2.845572692555809e-05
112	-1.0467804003906231	0.3707368917695458	0.05369059006674294	0.0	0.0	0.03840488164500065	0.0	0.25042634082781184	0.2867412956908988
113	-1.0473388085937483	0.370783888530851	0.053659144568287506	0.0	0.0	0.03851466785003058	0.0	0.24997957699978585	0.2870627220510451
114	-1.0473388085937483	0.37082901042326666	0.053624390074743046	0.0	0.0	0.038634626045939355	0.0	0.24957841200455325	0.2873335614514977
115	-0.5565848437499991	0.24801252000754961	0.036367128422228966	0.17528802622940987	0.0	0.3390217203336252	0.0	0.201310192799728	4.122074583889912e-07
116	-0.5704502148437497	0.7990440950824369	0.0	0.0	0.16094689809425938	0.0	0.0	0.03999948967573984	9.517147563808948e-06
117	-1.0481111914062484	0.37105170011612626	0.05356729198174942	0.0	0.0	0.039048509387992474	0.0	0.24828780266382017	0.28804469585031167
118	-1.0481111914062484	0.3710855687896702	0.05353247934032619	0.0	0.0	0.03917422003094263	0.0	0.2479482413721378	0.28825949046692323
119	-0.43374853515625245	0.2968642373599918	0.13814693621145524	0.0041564327949168796	0.5045884457271992	0.0012791863206473891	0.0	0.05496423182641682	5.297593727027206e-07
120	-1.0490018847656233	0.3711246460682285	0.05344780563663602	0.0	0.0	0.03929278088335676	0.0	0.24763606494500243	0.28849870246677634
121	-1.0490018847656233	0.3711798037819063	0.053403064139286895	0.0	0.0	0.039438975053593325	0.0	0.24726698221421448	0.28871117481099895
122	-1.0490018847656233	0.37123093314990746	0.05335989780333178	0.0	0.0	0.03958063834012628	0.0	0.2469055350968453	0.2889229956097892
123	-1.0490018847656233	0.3712776587748629	0.05331831192644667	0.0	0.0	0.039717884768609456	0.0	0.24655330784215718	0.2891328366879238
124	-1.0489087792968734	0.3713196668746427	0.05327827143554733	0.0	0.0	0.03985085731389052	0.0	0.24621159762764033	0.2893396067482792
125	-1.0489087792968734	0.37135093294750193	0.053241377213201185	0.0	0.0	0.039975792057065716	0.0	0.24589393485473454	0.2895379629274967
126	-1.040399326171874	0.36976024777614297	0.05426071091007804	0.0	0.026061397833721286	0.03968312709161237	0.0	0.24605937384507168	0.2641751425433736
127	-0.23526818359374935	0.01267879798084478	0.0	0.3065042769803182	0.0	0.0	0.6718741208369583	0.008839726555290731	0.00010307764658801233
128	-1.0322721874999983	0.3537624638855657	0.06825512076899848	0.0	0.0	0.0	0.0	0.35125483657042406	0.22672757877501182
129	-1.0433354199218732	0.36682222277407656	0.05448069391503502	0.0	0.0	0.03859146033380336	0.0	0.261650916898271	0.27845470607881406
130	-0.8027324609374972	0.40600012257337464	0.10793846313371835	0.0	0.0	0.0	0.09649484095601009	0.38956396437645285	2.6089604439061276e-06
131	-0.8756066308593712	0.25566475870039757	0.0	0.0	0.021174094858843088	0.1576635662778647	0.2531472168096208	0.3123417535380642	8.609815209670302e-06
132	-0.9479008984374967	0.37516807523522594	0.0	0.0	0.0	0.0039014640320290672	0.34790122303647114	0.273003191127237	2.6046569036930478e-05
133	-1.0136730468749995	0.3395599863152991	0.0039021529343329464	0.0	0.0	0.0	0.0	0.39666770311134575	0.2598701576390222
134	-0.2357686914062501	0.038649248052264315	0.0	0.0	0.576245681407756	0.0	0.38459798380222493	0.0	0.0005070867377547916
135	-1.0535466503906237	0.3684902516224445	0.05569743360968939	0.0	0.0	0.04259515135292846	0.0	0.2500149683796847	0.283202195035253
136	-0.7986158300781252	0.3442960321554308	0.0031606255569489195	0.0	0.0	0.4642844446957407	0.171035879283849	0.017222192957207855	8.253508226863104e-07
137	-0.7903114550781228	0.24785530488218357	0.0	0.10024995649730399	0.0	0.0	0.19979795774553055	0.45207817697271063	1.8603902271152606e-05
138	-0.4281316601562511	0.3333545352595389	0.4701381447236347	0.0	0.1903676553734636	0.0	0.0	0.0061384790294436945	1.1856139191523951e-06
139	-1.0535466503906237	0.3680680192479832	0.05607094216715829	0.0	0.0	0.04287858216182486	0.0	0.2513104356247158	0.2816720207983179
140	-1.0515355273437488	0.3675228855761052	0.05626800439093213	0.0	0.0	0.04326234472455468	0.0	0.25251439250916546	0.2804323727992426
141	-0.6591176953124993	0.5516883913023872	0.0	0.15827581295443247	0.0	0.28911173988447786	0.0	0.0	0.0009240558587024772
142	-0.645894384765624	0.34187677437832237	0.0	0.0	0.11286868245379647	0.0006440791799512431	0.24945138146162207	0.2951587571875006	3.2533880722773745e-07
143	-0.8002945214843684	0.2955781401078853	0.08784134391307266	0.0	0.0	0.1843267765462985	0.0	0.4322531832077813	5.562249623114468e-07
144	-0.6528787499999991	0.1051594416475301	0.0	0.0	0.0	0.03944273257653996	0.3729320021767284	0.4824397441915114	2.6079407690060563e-05
145	-0.8619885351562465	0.30659690723682853	0.0	0.0	0.0	0.0746627556378193	0.39787883129525303	0.2208594420297711	2.063800327967158e-06
146	-0.7899693457031238	0.48390924039605865	0.10717841148974482	0.0	0.00765173084538251	0.18099928546478414	0.0	0.22026129607530737	3.572872242507685e-08
147	-0.5868524511718748	0.4578381029267325	0.0	0.303499619199794	0.23852109571816574	0.0	0.0	0.0	0.0001411821553077841
148	-1.051132324218749	0.364107855654967	0.05506184554565528	0.0	0.0	0.03930409547172474	0.0	0.25760764499856353	0.2839185583290894
149	-0.7767918164062486	0.4925603741270785	0.11626136373898426	0.0	0.0	0.0	0.2535860649254716	0.13759109968393382	1.097524531923355e-06
150	-0.14314584960937551	0.05908810537142988	0.6407954881630995	0.2951460263650587	0.0	0.0	0.004968872994404511	0.0	1.5071060074367537e-06
