ID	Elements	Generation	Position	Velocity	Activity
1	['Pt', 'Pd', 'Au']	0	[0.8 0.2 0. ]	[-0.04   0.011  0.028]	-0.9381058593749985
2	['Pt', 'Pd', 'Au']	0	[0.2 0.8 0. ]	[ 0.011 -0.04   0.028]	-0.8574707421874964
3	['Pt', 'Pd', 'Au']	0	[0.8 0.  0.2]	[-0.04   0.028  0.011]	-0.873445019531252
4	['Pt', 'Pd', 'Au']	0	[0.2 0.  0.8]	[ 0.011  0.028 -0.04 ]	-0.7577634472656272
5	['Pt', 'Pd', 'Au']	0	[0.  0.8 0.2]	[ 0.028 -0.04   0.011]	-0.2709768457031254
6	['Pt', 'Pd', 'Au']	0	[0.  0.2 0.8]	[ 0.028  0.011 -0.04 ]	-0.27125388671875045
1	['Pt', 'Pd', 'Au']	1	[0.734 0.21  0.056]	[ 0.033 -0.005 -0.028]	-0.9417887597656236
2	['Pt', 'Pd', 'Au']	1	[0.166 0.794 0.04 ]	[ 0.017  0.003 -0.02 ]	-0.8139627832031224
3	['Pt', 'Pd', 'Au']	1	[0.716 0.048 0.238]	[ 0.042 -0.024 -0.019]	-0.8989421875000022
4	['Pt', 'Pd', 'Au']	1	[0.102 0.012 0.886]	[ 0.049 -0.006 -0.043]	-0.6793206542968762
5	['Pt', 'Pd', 'Au']	1	[0.114 0.736 0.15 ]	[ 0.114 -0.064 -0.05 ]	-0.6866423632812486
6	['Pt', 'Pd', 'Au']	1	[0.136 0.178 0.686]	[ 0.136 -0.022 -0.114]	-0.7534058789062505
1	['Pt', 'Pd', 'Au']	2	[0.704 0.21  0.086]	[-0.03  0.    0.03]	-0.9461134082031235
2	['Pt', 'Pd', 'Au']	2	[0.193 0.747 0.06 ]	[ 0.027 -0.047  0.02 ]	-0.8731835449218709
3	['Pt', 'Pd', 'Au']	2	[0.665 0.082 0.254]	[-0.051  0.034  0.016]	-0.9101126757812515
4	['Pt', 'Pd', 'Au']	2	[0.142 0.068 0.79 ]	[ 0.04   0.056 -0.096]	-0.7567841308593766
5	['Pt', 'Pd', 'Au']	2	[0.09  0.712 0.198]	[-0.024 -0.024  0.048]	-0.672023876953124
6	['Pt', 'Pd', 'Au']	2	[0.075 0.2   0.725]	[-0.061  0.022  0.039]	-0.4414409667968743
1	['Pt', 'Pd', 'Au']	3	[0.738 0.216 0.046]	[ 0.034  0.006 -0.04 ]	-0.9409327050781235
2	['Pt', 'Pd', 'Au']	3	[0.193 0.773 0.034]	[-0.     0.026 -0.026]	-0.866021562499996
3	['Pt', 'Pd', 'Au']	3	[0.716 0.051 0.234]	[ 0.051 -0.031 -0.02 ]	-0.8944584667968769
4	['Pt', 'Pd', 'Au']	3	[0.171 0.027 0.802]	[ 0.029 -0.041  0.012]	-0.7599681835937521
5	['Pt', 'Pd', 'Au']	3	[0.194 0.67  0.136]	[ 0.104 -0.042 -0.062]	-0.8693093261718717
6	['Pt', 'Pd', 'Au']	3	[0.179 0.18  0.641]	[ 0.104 -0.02  -0.084]	-0.8369926269531256
1	['Pt', 'Pd', 'Au']	4	[0.7   0.203 0.097]	[-0.038 -0.013  0.051]	-0.9463956445312485
2	['Pt', 'Pd', 'Au']	4	[0.213 0.718 0.069]	[ 0.02  -0.055  0.035]	-0.8578512792968717
3	['Pt', 'Pd', 'Au']	4	[0.662 0.095 0.244]	[-0.054  0.044  0.01 ]	-0.9128914746093769
4	['Pt', 'Pd', 'Au']	4	[0.183 0.117 0.7  ]	[ 0.012  0.09  -0.102]	-0.7835535156250021
5	['Pt', 'Pd', 'Au']	4	[0.107 0.693 0.2  ]	[-0.087  0.023  0.064]	-0.6985622949218738
6	['Pt', 'Pd', 'Au']	4	[0.083 0.219 0.698]	[-0.096  0.039  0.057]	-0.6678062890625002
1	['Pt', 'Pd', 'Au']	5	[0.733 0.2   0.066]	[ 0.033 -0.003 -0.031]	-0.9412526855468734
2	['Pt', 'Pd', 'Au']	5	[0.223 0.747 0.03 ]	[ 0.01   0.029 -0.039]	-0.8519991406249967
3	['Pt', 'Pd', 'Au']	5	[0.714 0.062 0.226]	[ 0.052 -0.033 -0.018]	-0.8906180761718767
4	['Pt', 'Pd', 'Au']	5	[0.229 0.015 0.756]	[ 0.046 -0.102  0.056]	-0.762884335937502
5	['Pt', 'Pd', 'Au']	5	[0.22  0.608 0.171]	[ 0.113 -0.085 -0.029]	-0.8615805761718724
6	['Pt', 'Pd', 'Au']	5	[0.181 0.171 0.648]	[ 0.098 -0.048 -0.05 ]	-0.8359565722656255
1	['Pt', 'Pd', 'Au']	6	[0.706 0.204 0.089]	[-0.027  0.004  0.023]	-0.9448336816406233
2	['Pt', 'Pd', 'Au']	6	[0.25  0.695 0.054]	[ 0.027 -0.052  0.024]	-0.860215312499997
3	['Pt', 'Pd', 'Au']	6	[0.651 0.11  0.241]	[-0.063  0.048  0.015]	-0.9233282421875018
4	['Pt', 'Pd', 'Au']	6	[0.271 0.079 0.649]	[ 0.042  0.064 -0.107]	-0.7834641113281267
5	['Pt', 'Pd', 'Au']	6	[0.136 0.674 0.189]	[-0.084  0.066  0.018]	-0.7294273339843735
6	['Pt', 'Pd', 'Au']	6	[0.127 0.233 0.64 ]	[-0.054  0.062 -0.008]	-0.7597695117187508
1	['Pt', 'Pd', 'Au']	7	[0.728 0.196 0.075]	[ 0.022 -0.008 -0.014]	-0.9414951953124981
2	['Pt', 'Pd', 'Au']	7	[0.251 0.714 0.033]	[ 0.001  0.019 -0.021]	-0.8559408398437471
3	['Pt', 'Pd', 'Au']	7	[0.721 0.042 0.239]	[ 0.07  -0.068 -0.002]	-0.8995590722656271
4	['Pt', 'Pd', 'Au']	7	[0.278 0.034 0.686]	[ 0.007 -0.045  0.037]	-0.7802041210937519
5	['Pt', 'Pd', 'Au']	7	[0.201 0.632 0.166]	[ 0.065 -0.042 -0.023]	-0.8697422558593723
6	['Pt', 'Pd', 'Au']	7	[0.263 0.153 0.583]	[ 0.136 -0.08  -0.057]	-0.8449884570312507
1	['Pt', 'Pd', 'Au']	8	[0.703 0.202 0.093]	[-0.025  0.006  0.018]	-0.9456375781249986
2	['Pt', 'Pd', 'Au']	8	[0.265 0.684 0.048]	[ 0.014 -0.03   0.015]	-0.861443857421872
3	['Pt', 'Pd', 'Au']	8	[0.651 0.113 0.238]	[-0.07   0.071 -0.001]	-0.9233074121093768
4	['Pt', 'Pd', 'Au']	8	[0.289 0.079 0.63 ]	[ 0.011  0.045 -0.056]	-0.7865679492187517
5	['Pt', 'Pd', 'Au']	8	[0.176 0.641 0.181]	[-0.025  0.009  0.015]	-0.8783159179687475
6	['Pt', 'Pd', 'Au']	8	[0.163 0.213 0.623]	[-0.1   0.06  0.04]	-0.8344247656250011
1	['Pt', 'Pd', 'Au']	9	[0.728 0.195 0.075]	[ 0.025 -0.007 -0.018]	-0.9389438378906232
2	['Pt', 'Pd', 'Au']	9	[0.277 0.689 0.031]	[ 0.012  0.005 -0.017]	-0.8618412792968719
3	['Pt', 'Pd', 'Au']	9	[0.732 0.039 0.231]	[ 0.081 -0.074 -0.007]	-0.8913505468750021
4	['Pt', 'Pd', 'Au']	9	[0.314 0.059 0.624]	[ 0.025 -0.02  -0.006]	-0.8173407421875024
5	['Pt', 'Pd', 'Au']	9	[0.236 0.611 0.151]	[ 0.06 -0.03 -0.03]	-0.8545380664062477
6	['Pt', 'Pd', 'Au']	9	[0.306 0.129 0.564]	[ 0.143 -0.084 -0.059]	-0.9051702539062523
1	['Pt', 'Pd', 'Au']	10	[0.712 0.197 0.09 ]	[-0.016  0.002  0.015]	-0.9449237890624982
2	['Pt', 'Pd', 'Au']	10	[0.289 0.662 0.046]	[ 0.012 -0.027  0.015]	-0.8615623339843721
3	['Pt', 'Pd', 'Au']	10	[0.645 0.13  0.227]	[-0.087  0.091 -0.004]	-0.9761260644531271
4	['Pt', 'Pd', 'Au']	10	[0.309 0.089 0.6  ]	[-0.005  0.03  -0.024]	-0.825431230468752
5	['Pt', 'Pd', 'Au']	10	[0.2   0.613 0.184]	[-0.036  0.002  0.033]	-0.8714170214843724
6	['Pt', 'Pd', 'Au']	10	[0.211 0.159 0.629]	[-0.095  0.03   0.065]	-0.823546533203126
1	['Pt', 'Pd', 'Au']	11	[0.723 0.193 0.083]	[ 0.011 -0.004 -0.007]	-0.9396361621093731
2	['Pt', 'Pd', 'Au']	11	[0.302 0.652 0.043]	[ 0.013 -0.01  -0.003]	-0.873060468749997
3	['Pt', 'Pd', 'Au']	11	[0.702 0.081 0.219]	[ 0.057 -0.049 -0.008]	-0.8869583203125017
4	['Pt', 'Pd', 'Au']	11	[0.359 0.051 0.587]	[ 0.05  -0.038 -0.013]	-0.8994671679687517
5	['Pt', 'Pd', 'Au']	11	[0.284 0.582 0.132]	[ 0.084 -0.031 -0.052]	-0.861697968749998
6	['Pt', 'Pd', 'Au']	11	[0.327 0.128 0.544]	[ 0.116 -0.031 -0.085]	-0.9085035351562522
1	['Pt', 'Pd', 'Au']	12	[0.712 0.197 0.09 ]	[-0.011  0.004  0.007]	-0.9449237890624982
2	['Pt', 'Pd', 'Au']	12	[0.306 0.643 0.048]	[ 0.004 -0.009  0.005]	-0.8857628906249971
3	['Pt', 'Pd', 'Au']	12	[0.65  0.125 0.227]	[-0.052  0.044  0.008]	-0.9628301171875021
4	['Pt', 'Pd', 'Au']	12	[0.313 0.094 0.59 ]	[-0.046  0.043  0.003]	-0.8292407617187522
5	['Pt', 'Pd', 'Au']	12	[0.227 0.592 0.179]	[-0.057  0.01   0.047]	-0.8636754882812478
6	['Pt', 'Pd', 'Au']	12	[0.245 0.14  0.614]	[-0.082  0.012  0.07 ]	-0.8249667675781259
1	['Pt', 'Pd', 'Au']	13	[0.727 0.188 0.083]	[ 0.015 -0.009 -0.007]	-0.9380253124999982
2	['Pt', 'Pd', 'Au']	13	[0.313 0.63  0.054]	[ 0.007 -0.013  0.006]	-0.8898031054687472
3	['Pt', 'Pd', 'Au']	13	[0.69  0.074 0.238]	[ 0.04  -0.051  0.011]	-0.9020073632812515
4	['Pt', 'Pd', 'Au']	13	[0.377 0.053 0.566]	[ 0.064 -0.041 -0.024]	-0.8993954589843767
5	['Pt', 'Pd', 'Au']	13	[0.308 0.532 0.157]	[ 0.081 -0.06  -0.022]	-0.8922156249999982
6	['Pt', 'Pd', 'Au']	13	[0.356 0.137 0.506]	[ 0.111 -0.003 -0.108]	-0.9701961816406234
1	['Pt', 'Pd', 'Au']	14	[0.707 0.193 0.098]	[-0.02   0.005  0.015]	-0.9441692382812481
2	['Pt', 'Pd', 'Au']	14	[0.308 0.621 0.068]	[-0.005 -0.009  0.014]	-0.8902909277343722
3	['Pt', 'Pd', 'Au']	14	[0.647 0.109 0.245]	[-0.043  0.035  0.007]	-0.924540029296877
4	['Pt', 'Pd', 'Au']	14	[0.318 0.095 0.582]	[-0.059  0.042  0.016]	-0.828701181640627
5	['Pt', 'Pd', 'Au']	14	[0.25  0.583 0.164]	[-0.058  0.051  0.007]	-0.8636757421874982
6	['Pt', 'Pd', 'Au']	14	[0.209 0.127 0.663]	[-0.147 -0.01   0.157]	-0.8213116113281271
1	['Pt', 'Pd', 'Au']	15	[0.728 0.187 0.083]	[ 0.021 -0.006 -0.015]	-0.9380253124999982
2	['Pt', 'Pd', 'Au']	15	[0.325 0.616 0.056]	[ 0.017 -0.005 -0.012]	-0.8920034863281222
3	['Pt', 'Pd', 'Au']	15	[0.691 0.072 0.237]	[ 0.044 -0.037 -0.008]	-0.8975529785156267
4	['Pt', 'Pd', 'Au']	15	[0.398 0.073 0.524]	[ 0.08  -0.022 -0.058]	-0.9009947656250012
5	['Pt', 'Pd', 'Au']	15	[0.282 0.56  0.154]	[ 0.032 -0.023 -0.01 ]	-0.8621159960937479
6	['Pt', 'Pd', 'Au']	15	[0.308 0.142 0.548]	[ 0.099  0.015 -0.115]	-0.8915163476562494
1	['Pt', 'Pd', 'Au']	16	[0.7   0.197 0.101]	[-0.028  0.01   0.018]	-0.9464439355468732
2	['Pt', 'Pd', 'Au']	16	[0.321 0.606 0.07 ]	[-0.004 -0.01   0.014]	-0.8910866015624973
3	['Pt', 'Pd', 'Au']	16	[0.623 0.132 0.245]	[-0.068  0.06   0.008]	-0.9933350390625022
4	['Pt', 'Pd', 'Au']	16	[0.316 0.091 0.588]	[-0.082  0.018  0.064]	-0.826787763671877
5	['Pt', 'Pd', 'Au']	16	[0.272 0.564 0.159]	[-0.01   0.004  0.005]	-0.8653508496093731
6	['Pt', 'Pd', 'Au']	16	[0.203 0.111 0.684]	[-0.105 -0.031  0.136]	-0.7795330371093773
1	['Pt', 'Pd', 'Au']	17	[0.723 0.19  0.085]	[ 0.023 -0.007 -0.016]	-0.9390130371093731
2	['Pt', 'Pd', 'Au']	17	[0.34  0.587 0.07 ]	[ 0.019 -0.019  0.   ]	-0.9113867285156216
3	['Pt', 'Pd', 'Au']	17	[0.669 0.074 0.257]	[ 0.046 -0.058  0.012]	-0.9093093261718767
4	['Pt', 'Pd', 'Au']	17	[0.386 0.102 0.507]	[ 0.07   0.011 -0.081]	-0.9141770703125014
5	['Pt', 'Pd', 'Au']	17	[0.284 0.55  0.16 ]	[ 0.012 -0.014  0.001]	-0.8663313671874981
6	['Pt', 'Pd', 'Au']	17	[0.273 0.134 0.591]	[ 0.07   0.023 -0.093]	-0.8461464941406253
1	['Pt', 'Pd', 'Au']	18	[0.711 0.193 0.094]	[-0.012  0.003  0.009]	-0.9434111718749982
2	['Pt', 'Pd', 'Au']	18	[0.332 0.594 0.072]	[-0.008  0.007  0.002]	-0.8946603613281224
3	['Pt', 'Pd', 'Au']	18	[0.631 0.111 0.258]	[-0.038  0.037  0.001]	-0.9307377734375017
4	['Pt', 'Pd', 'Au']	18	[0.301 0.105 0.589]	[-0.085  0.003  0.082]	-0.8240244726562519
5	['Pt', 'Pd', 'Au']	18	[0.292 0.547 0.155]	[ 0.008 -0.003 -0.005]	-0.8635330957031232
6	['Pt', 'Pd', 'Au']	18	[0.245 0.104 0.649]	[-0.028 -0.03   0.058]	-0.7823207128906271
1	['Pt', 'Pd', 'Au']	19	[0.727 0.191 0.081]	[ 0.016 -0.002 -0.013]	-0.9396361621093731
2	['Pt', 'Pd', 'Au']	19	[0.345 0.581 0.071]	[ 0.013 -0.013 -0.001]	-0.9119243164062467
3	['Pt', 'Pd', 'Au']	19	[0.678 0.08  0.242]	[ 0.047 -0.031 -0.016]	-0.9027794335937516
4	['Pt', 'Pd', 'Au']	19	[0.418 0.07  0.507]	[ 0.117 -0.035 -0.082]	-0.9011991796875012
5	['Pt', 'Pd', 'Au']	19	[0.304 0.533 0.157]	[ 0.012 -0.014  0.002]	-0.8770745410156234
6	['Pt', 'Pd', 'Au']	19	[0.302 0.119 0.577]	[ 0.057  0.015 -0.072]	-0.827753183593752
1	['Pt', 'Pd', 'Au']	20	[0.712 0.191 0.095]	[-0.015  0.     0.014]	-0.9434111718749982
2	['Pt', 'Pd', 'Au']	20	[0.34  0.587 0.07 ]	[-0.005  0.006 -0.001]	-0.9113867285156216
3	['Pt', 'Pd', 'Au']	20	[0.643 0.109 0.248]	[-0.035  0.029  0.006]	-0.9283894433593767
4	['Pt', 'Pd', 'Au']	20	[0.297 0.145 0.554]	[-0.121  0.075  0.047]	-0.8662579785156248
5	['Pt', 'Pd', 'Au']	20	[0.309 0.535 0.15 ]	[ 0.005  0.002 -0.007]	-0.8878939746093729
6	['Pt', 'Pd', 'Au']	20	[0.289 0.109 0.6  ]	[-0.013 -0.01   0.023]	-0.8034555859375018
1	['Pt', 'Pd', 'Au']	21	[0.726 0.191 0.081]	[ 0.014 -0.    -0.014]	-0.9396361621093731
2	['Pt', 'Pd', 'Au']	21	[0.35  0.577 0.07 ]	[ 0.01 -0.01 -0.  ]	-0.9286930175781218
3	['Pt', 'Pd', 'Au']	21	[0.675 0.087 0.238]	[ 0.032 -0.022 -0.01 ]	-0.9054942285156267
4	['Pt', 'Pd', 'Au']	21	[0.411 0.092 0.493]	[ 0.114 -0.053 -0.061]	-0.9099716406250012
5	['Pt', 'Pd', 'Au']	21	[0.323 0.515 0.156]	[ 0.014 -0.02   0.006]	-0.889148837890623
6	['Pt', 'Pd', 'Au']	21	[0.332 0.133 0.533]	[ 0.043  0.024 -0.067]	-0.9173431152343771
1	['Pt', 'Pd', 'Au']	22	[0.714 0.193 0.091]	[-0.012  0.002  0.01 ]	-0.942816386718748
2	['Pt', 'Pd', 'Au']	22	[0.34  0.585 0.071]	[-0.01   0.008  0.001]	-0.9113867285156216
3	['Pt', 'Pd', 'Au']	22	[0.633 0.116 0.251]	[-0.042  0.029  0.013]	-0.9307359277343767
4	['Pt', 'Pd', 'Au']	22	[0.304 0.139 0.553]	[-0.107  0.047  0.06 ]	-0.8755759863281246
5	['Pt', 'Pd', 'Au']	22	[0.319 0.529 0.146]	[-0.004  0.014 -0.01 ]	-0.888271582031248
6	['Pt', 'Pd', 'Au']	22	[0.281 0.118 0.599]	[-0.051 -0.015  0.066]	-0.8022655175781268
1	['Pt', 'Pd', 'Au']	23	[0.724 0.189 0.085]	[ 0.01  -0.004 -0.006]	-0.9395521679687482
2	['Pt', 'Pd', 'Au']	23	[0.36  0.565 0.072]	[ 0.02  -0.02   0.001]	-0.9243463964843712
3	['Pt', 'Pd', 'Au']	23	[0.657 0.095 0.248]	[ 0.024 -0.021 -0.003]	-0.9164189453125017
4	['Pt', 'Pd', 'Au']	23	[0.453 0.066 0.477]	[ 0.149 -0.073 -0.076]	-0.9007202246093764
5	['Pt', 'Pd', 'Au']	23	[0.349 0.489 0.156]	[ 0.03 -0.04  0.01]	-0.9286653808593728
6	['Pt', 'Pd', 'Au']	23	[0.376 0.141 0.48 ]	[ 0.095  0.023 -0.119]	-0.9705723925781233
1	['Pt', 'Pd', 'Au']	24	[0.707 0.192 0.099]	[-0.017  0.003  0.014]	-0.9438205078124982
2	['Pt', 'Pd', 'Au']	24	[0.345 0.572 0.08 ]	[-0.015  0.007  0.008]	-0.9118547363281218
3	['Pt', 'Pd', 'Au']	24	[0.623 0.114 0.262]	[-0.034  0.019  0.014]	-0.9307377734375017
4	['Pt', 'Pd', 'Au']	24	[0.341 0.097 0.558]	[-0.112  0.031  0.081]	-0.8624873437500021
5	['Pt', 'Pd', 'Au']	24	[0.336 0.501 0.157]	[-0.013  0.012  0.001]	-0.8968883593749983
6	['Pt', 'Pd', 'Au']	24	[0.287 0.133 0.577]	[-0.089 -0.008  0.097]	-0.8625409863281266
1	['Pt', 'Pd', 'Au']	25	[0.731 0.189 0.077]	[ 0.024 -0.003 -0.022]	-0.9388727050781233
2	['Pt', 'Pd', 'Au']	25	[0.367 0.558 0.072]	[ 0.022 -0.014 -0.008]	-0.9243463964843712
3	['Pt', 'Pd', 'Au']	25	[0.655 0.098 0.247]	[ 0.032 -0.016 -0.015]	-0.9185693750000017
4	['Pt', 'Pd', 'Au']	25	[0.45  0.056 0.49 ]	[ 0.109 -0.041 -0.068]	-0.9003135546875014
5	['Pt', 'Pd', 'Au']	25	[0.353 0.48  0.161]	[ 0.017 -0.021  0.004]	-0.9285186132812472
6	['Pt', 'Pd', 'Au']	25	[0.401 0.135 0.461]	[ 0.114  0.002 -0.116]	-0.9701961816406234
1	['Pt', 'Pd', 'Au']	26	[0.699 0.192 0.106]	[-0.032  0.003  0.029]	-0.9451021777343731
2	['Pt', 'Pd', 'Au']	26	[0.352 0.558 0.087]	[-0.015  0.     0.015]	-0.9284001367187461
3	['Pt', 'Pd', 'Au']	26	[0.627 0.113 0.26 ]	[-0.028  0.015  0.013]	-0.9307377734375017
4	['Pt', 'Pd', 'Au']	26	[0.334 0.104 0.558]	[-0.116  0.048  0.068]	-0.8467333203125024
5	['Pt', 'Pd', 'Au']	26	[0.339 0.488 0.167]	[-0.014  0.008  0.006]	-0.9175900585937478
6	['Pt', 'Pd', 'Au']	26	[0.297 0.107 0.593]	[-0.104 -0.028  0.132]	-0.8184105175781269
1	['Pt', 'Pd', 'Au']	27	[0.727 0.192 0.078]	[ 0.028  0.    -0.028]	-0.9389566992187481
2	['Pt', 'Pd', 'Au']	27	[0.372 0.549 0.077]	[ 0.02  -0.009 -0.01 ]	-0.9242768164062463
3	['Pt', 'Pd', 'Au']	27	[0.67  0.087 0.243]	[ 0.043 -0.026 -0.017]	-0.9069097851562518
4	['Pt', 'Pd', 'Au']	27	[0.4   0.098 0.498]	[ 0.066 -0.006 -0.06 ]	-0.9123200585937513
5	['Pt', 'Pd', 'Au']	27	[0.361 0.476 0.157]	[ 0.022 -0.012 -0.01 ]	-0.9282296191406222
6	['Pt', 'Pd', 'Au']	27	[0.364 0.168 0.465]	[ 0.067  0.061 -0.128]	-0.9731439746093726
1	['Pt', 'Pd', 'Au']	28	[0.711 0.191 0.095]	[-0.016 -0.001  0.017]	-0.9434111718749982
2	['Pt', 'Pd', 'Au']	28	[0.356 0.551 0.091]	[-0.016  0.002  0.014]	-0.9284601367187462
3	['Pt', 'Pd', 'Au']	28	[0.613 0.118 0.269]	[-0.057  0.031  0.026]	-0.9305187304687516
4	['Pt', 'Pd', 'Au']	28	[0.313 0.131 0.552]	[-0.087  0.033  0.054]	-0.9081504882812522
5	['Pt', 'Pd', 'Au']	28	[0.33  0.485 0.179]	[-0.031  0.009  0.022]	-0.9008259179687483
6	['Pt', 'Pd', 'Au']	28	[0.317 0.102 0.578]	[-0.047 -0.066  0.113]	-0.8316655664062522
1	['Pt', 'Pd', 'Au']	29	[0.723 0.194 0.08 ]	[ 0.012  0.003 -0.015]	-0.9389566992187481
2	['Pt', 'Pd', 'Au']	29	[0.374 0.546 0.078]	[ 0.018 -0.005 -0.013]	-0.9242768164062463
3	['Pt', 'Pd', 'Au']	29	[0.674 0.087 0.239]	[ 0.061 -0.031 -0.03 ]	-0.9061476464843766
4	['Pt', 'Pd', 'Au']	29	[0.456 0.098 0.443]	[ 0.143 -0.033 -0.109]	-0.9123200585937513
5	['Pt', 'Pd', 'Au']	29	[0.373 0.463 0.157]	[ 0.043 -0.022 -0.022]	-0.9282296191406222
6	['Pt', 'Pd', 'Au']	29	[0.367 0.152 0.478]	[ 0.05  0.05 -0.1 ]	-0.9716427539062481
1	['Pt', 'Pd', 'Au']	30	[0.709 0.195 0.093]	[-0.014  0.001  0.013]	-0.9433983105468733
2	['Pt', 'Pd', 'Au']	30	[0.357 0.539 0.103]	[-0.017 -0.007  0.025]	-0.9268626562499968
3	['Pt', 'Pd', 'Au']	30	[0.592 0.116 0.292]	[-0.082  0.029  0.053]	-0.9302833300781269
4	['Pt', 'Pd', 'Au']	30	[0.389 0.127 0.481]	[-0.067  0.029  0.038]	-0.9786664941406266
5	['Pt', 'Pd', 'Au']	30	[0.329 0.478 0.186]	[-0.044  0.015  0.029]	-0.9025601269531235
6	['Pt', 'Pd', 'Au']	30	[0.339 0.128 0.531]	[-0.028 -0.024  0.053]	-0.9383527539062523
1	['Pt', 'Pd', 'Au']	31	[0.719 0.191 0.087]	[ 0.01  -0.004 -0.006]	-0.942753281249998
2	['Pt', 'Pd', 'Au']	31	[0.382 0.529 0.088]	[ 0.025 -0.01  -0.015]	-0.9284001367187461
3	['Pt', 'Pd', 'Au']	31	[0.672 0.081 0.247]	[ 0.08  -0.035 -0.045]	-0.9074195898437515
4	['Pt', 'Pd', 'Au']	31	[0.437 0.107 0.453]	[ 0.048 -0.02  -0.028]	-0.9217192382812512
5	['Pt', 'Pd', 'Au']	31	[0.397 0.439 0.157]	[ 0.068 -0.039 -0.029]	-0.9282296191406222
6	['Pt', 'Pd', 'Au']	31	[0.366 0.166 0.466]	[ 0.027  0.038 -0.065]	-0.9740094921874981
1	['Pt', 'Pd', 'Au']	32	[0.697 0.197 0.104]	[-0.022  0.006  0.017]	-0.9472095800781232
2	['Pt', 'Pd', 'Au']	32	[0.347 0.534 0.118]	[-0.035  0.005  0.03 ]	-0.9305077734374974
3	['Pt', 'Pd', 'Au']	32	[0.601 0.11  0.288]	[-0.071  0.029  0.041]	-0.9282997851562519
4	['Pt', 'Pd', 'Au']	32	[0.375 0.146 0.477]	[-0.062  0.039  0.024]	-0.9705365234374983
5	['Pt', 'Pd', 'Au']	32	[0.326 0.477 0.19 ]	[-0.071  0.038  0.033]	-0.9069040039062484
6	['Pt', 'Pd', 'Au']	32	[0.339 0.137 0.522]	[-0.027 -0.029  0.056]	-0.9244802539062493
1	['Pt', 'Pd', 'Au']	33	[0.717 0.192 0.089]	[ 0.02  -0.005 -0.015]	-0.9426072753906231
2	['Pt', 'Pd', 'Au']	33	[0.385 0.514 0.1  ]	[ 0.038 -0.02  -0.018]	-0.9268626562499968
3	['Pt', 'Pd', 'Au']	33	[0.668 0.101 0.23 ]	[ 0.067 -0.009 -0.058]	-0.9082471093750019
4	['Pt', 'Pd', 'Au']	33	[0.441 0.112 0.445]	[ 0.066 -0.034 -0.032]	-0.9216762597656263
5	['Pt', 'Pd', 'Au']	33	[0.366 0.444 0.183]	[ 0.04  -0.033 -0.007]	-0.9330095605468725
6	['Pt', 'Pd', 'Au']	33	[0.357 0.172 0.468]	[ 0.018  0.035 -0.054]	-0.9731439746093726
1	['Pt', 'Pd', 'Au']	34	[0.69  0.198 0.11 ]	[-0.027  0.006  0.021]	-0.9473285839843735
2	['Pt', 'Pd', 'Au']	34	[0.342 0.528 0.129]	[-0.043  0.014  0.029]	-0.9103410839843726
3	['Pt', 'Pd', 'Au']	34	[0.595 0.098 0.306]	[-0.073 -0.003  0.076]	-0.9228651269531268
4	['Pt', 'Pd', 'Au']	34	[0.365 0.141 0.492]	[-0.076  0.029  0.047]	-0.9705723925781233
5	['Pt', 'Pd', 'Au']	34	[0.344 0.463 0.185]	[-0.022  0.019  0.002]	-0.9205589648437479
6	['Pt', 'Pd', 'Au']	34	[0.347 0.129 0.521]	[-0.01  -0.043  0.053]	-0.9888668359375025
1	['Pt', 'Pd', 'Au']	35	[0.704 0.191 0.103]	[ 0.014 -0.007 -0.007]	-0.9443365332031232
2	['Pt', 'Pd', 'Au']	35	[0.399 0.495 0.105]	[ 0.057 -0.033 -0.024]	-0.9268626562499968
3	['Pt', 'Pd', 'Au']	35	[0.662 0.108 0.23 ]	[ 0.067  0.01  -0.076]	-0.9164750683593768
4	['Pt', 'Pd', 'Au']	35	[0.406 0.108 0.484]	[ 0.041 -0.033 -0.008]	-0.9217192382812512
5	['Pt', 'Pd', 'Au']	35	[0.364 0.435 0.193]	[ 0.02  -0.028  0.008]	-0.9438814355468726
6	['Pt', 'Pd', 'Au']	35	[0.356 0.151 0.49 ]	[ 0.009  0.022 -0.031]	-0.9716427539062481
1	['Pt', 'Pd', 'Au']	36	[0.684 0.198 0.116]	[-0.02   0.007  0.013]	-0.9477629003906234
2	['Pt', 'Pd', 'Au']	36	[0.325 0.516 0.159]	[-0.074  0.021  0.054]	-0.8952425585937481
3	['Pt', 'Pd', 'Au']	36	[0.579 0.092 0.33 ]	[-0.083 -0.016  0.1  ]	-0.9137245898437516
4	['Pt', 'Pd', 'Au']	36	[0.362 0.136 0.5  ]	[-0.044  0.028  0.016]	-0.9701961816406234
5	['Pt', 'Pd', 'Au']	36	[0.344 0.458 0.191]	[-0.02   0.023 -0.002]	-0.9268308789062478
6	['Pt', 'Pd', 'Au']	36	[0.352 0.124 0.521]	[-0.004 -0.027  0.031]	-0.9723518066406264
1	['Pt', 'Pd', 'Au']	37	[0.703 0.189 0.106]	[ 0.019 -0.009 -0.01 ]	-0.9450181835937482
2	['Pt', 'Pd', 'Au']	37	[0.407 0.485 0.108]	[ 0.082 -0.031 -0.051]	-0.9268626562499968
3	['Pt', 'Pd', 'Au']	37	[0.641 0.101 0.259]	[ 0.062  0.009 -0.071]	-0.9224853613281269
4	['Pt', 'Pd', 'Au']	37	[0.407 0.108 0.484]	[ 0.045 -0.028 -0.016]	-0.9217192382812512
5	['Pt', 'Pd', 'Au']	37	[0.364 0.426 0.202]	[ 0.02  -0.032  0.011]	-0.9445363476562476
6	['Pt', 'Pd', 'Au']	37	[0.358 0.149 0.49 ]	[ 0.006  0.025 -0.031]	-0.9716427539062481
