ID	Elements	Generation	Position	Velocity	Activity
1	['Pt', 'Pd', 'Au']	0	[1. 0. 0.]	[-0.041  0.02   0.02 ]	-0.8933253515625026
2	['Pt', 'Pd', 'Au']	0	[0. 0. 1.]	[ 0.02   0.02  -0.041]	-0.24288522460937503
3	['Pt', 'Pd', 'Au']	0	[0. 1. 0.]	[ 0.02  -0.041  0.02 ]	-0.27646029296874985
4	['Pt', 'Pd', 'Au']	0	[0.5 0.5 0. ]	[-0.02  -0.02   0.041]	-0.9506590917968724
5	['Pt', 'Pd', 'Au']	0	[0.5 0.  0.5]	[-0.02   0.041 -0.02 ]	-0.9241540722656275
6	['Pt', 'Pd', 'Au']	0	[0.  0.5 0.5]	[ 0.041 -0.02  -0.02 ]	-0.27906543945312473
1	['Pt', 'Pd', 'Au']	1	[0.954 0.006 0.04 ]	[ 0.023 -0.003 -0.02 ]	-0.8928378320312527
2	['Pt', 'Pd', 'Au']	1	[0.07  0.061 0.87 ]	[ 0.07   0.061 -0.13 ]	-0.3575870996093736
3	['Pt', 'Pd', 'Au']	1	[0.068 0.926 0.006]	[ 0.068 -0.074  0.006]	-0.35953969726562435
4	['Pt', 'Pd', 'Au']	1	[0.488 0.492 0.02 ]	[ 0.006  0.004 -0.01 ]	-0.9504018066406223
5	['Pt', 'Pd', 'Au']	1	[0.442 0.098 0.458]	[ 0.029 -0.049  0.021]	-0.9399023046875026
6	['Pt', 'Pd', 'Au']	1	[0.112 0.532 0.356]	[ 0.112  0.032 -0.144]	-0.7572794140624989
1	['Pt', 'Pd', 'Au']	2	[0.96  0.003 0.036]	[ 0.006 -0.003 -0.004]	-0.8931527832031276
2	['Pt', 'Pd', 'Au']	2	[0.085 0.15  0.766]	[ 0.015  0.089 -0.104]	-0.6939972265624993
3	['Pt', 'Pd', 'Au']	2	[0.15  0.845 0.005]	[ 0.082 -0.081 -0.001]	-0.820863759765622
4	['Pt', 'Pd', 'Au']	2	[0.472 0.478 0.049]	[-0.016 -0.014  0.029]	-0.9519129785156222
5	['Pt', 'Pd', 'Au']	2	[0.414 0.149 0.435]	[-0.028  0.051 -0.023]	-0.9898565136718741
6	['Pt', 'Pd', 'Au']	2	[0.047 0.497 0.457]	[-0.065 -0.035  0.101]	-0.3065762890624996
1	['Pt', 'Pd', 'Au']	3	[0.922 0.014 0.063]	[-0.038  0.011  0.027]	-0.8950190917968777
2	['Pt', 'Pd', 'Au']	3	[0.129 0.063 0.809]	[ 0.044 -0.087  0.043]	-0.7304688085937507
3	['Pt', 'Pd', 'Au']	3	[0.115 0.872 0.013]	[-0.035  0.027  0.008]	-0.6985644921874975
4	['Pt', 'Pd', 'Au']	3	[0.486 0.484 0.029]	[ 0.014  0.006 -0.02 ]	-0.9512607031249973
5	['Pt', 'Pd', 'Au']	3	[0.42  0.11  0.468]	[ 0.006 -0.039  0.033]	-0.9484376464843772
6	['Pt', 'Pd', 'Au']	3	[0.179 0.432 0.389]	[ 0.132 -0.065 -0.068]	-0.965658925781249
1	['Pt', 'Pd', 'Au']	4	[0.907 0.    0.091]	[-0.015 -0.014  0.028]	-0.9004526367187529
2	['Pt', 'Pd', 'Au']	4	[0.105 0.175 0.721]	[-0.024  0.112 -0.088]	-0.7359575195312491
3	['Pt', 'Pd', 'Au']	4	[0.147 0.805 0.049]	[ 0.032 -0.067  0.036]	-0.813030097656247
4	['Pt', 'Pd', 'Au']	4	[0.477 0.485 0.037]	[-0.009  0.001  0.008]	-0.9521230468749973
5	['Pt', 'Pd', 'Au']	4	[0.432 0.174 0.392]	[ 0.012  0.064 -0.076]	-0.9920616992187492
6	['Pt', 'Pd', 'Au']	4	[0.102 0.469 0.429]	[-0.077  0.037  0.04 ]	-0.7568668164062486
1	['Pt', 'Pd', 'Au']	5	[0.895 0.023 0.08 ]	[-0.012  0.023 -0.011]	-0.8952488769531276
2	['Pt', 'Pd', 'Au']	5	[0.192 0.038 0.77 ]	[ 0.087 -0.137  0.049]	-0.7994276757812515
3	['Pt', 'Pd', 'Au']	5	[0.147 0.804 0.051]	[-0.    -0.001  0.002]	-0.813030097656247
4	['Pt', 'Pd', 'Au']	5	[0.485 0.477 0.038]	[ 0.008 -0.008  0.001]	-0.9521230468749973
5	['Pt', 'Pd', 'Au']	5	[0.416 0.128 0.453]	[-0.016 -0.046  0.061]	-1.0048842382812517
6	['Pt', 'Pd', 'Au']	5	[0.224 0.407 0.369]	[ 0.122 -0.062 -0.06 ]	-0.9608128906249999
1	['Pt', 'Pd', 'Au']	6	[0.875 0.007 0.115]	[-0.02  -0.016  0.035]	-0.901884228515628
2	['Pt', 'Pd', 'Au']	6	[0.128 0.131 0.741]	[-0.064  0.093 -0.029]	-0.7614273925781253
3	['Pt', 'Pd', 'Au']	6	[0.175 0.725 0.102]	[ 0.028 -0.079  0.051]	-0.8972803808593727
4	['Pt', 'Pd', 'Au']	6	[0.504 0.46  0.036]	[ 0.019 -0.017 -0.002]	-0.9521230468749973
5	['Pt', 'Pd', 'Au']	6	[0.431 0.173 0.393]	[ 0.015  0.045 -0.06 ]	-0.9920616992187492
6	['Pt', 'Pd', 'Au']	6	[0.112 0.47  0.418]	[-0.112  0.063  0.049]	-0.7601627441406239
1	['Pt', 'Pd', 'Au']	7	[0.87  0.031 0.095]	[-0.005  0.024 -0.02 ]	-0.9011189746093781
2	['Pt', 'Pd', 'Au']	7	[0.28  0.034 0.686]	[ 0.152 -0.097 -0.055]	-0.8110232812500021
3	['Pt', 'Pd', 'Au']	7	[0.15  0.777 0.075]	[-0.025  0.052 -0.027]	-0.823153857421872
4	['Pt', 'Pd', 'Au']	7	[0.505 0.491 0.003]	[ 0.001  0.031 -0.033]	-0.9506590917968724
5	['Pt', 'Pd', 'Au']	7	[0.458 0.108 0.432]	[ 0.027 -0.065  0.039]	-0.9488449511718773
6	['Pt', 'Pd', 'Au']	7	[0.193 0.407 0.4  ]	[ 0.081 -0.063 -0.018]	-0.9696407031249991
1	['Pt', 'Pd', 'Au']	8	[0.853 0.01  0.133]	[-0.017 -0.021  0.038]	-0.9020922851562528
2	['Pt', 'Pd', 'Au']	8	[0.165 0.095 0.74 ]	[-0.115  0.061  0.054]	-0.7972481835937515
3	['Pt', 'Pd', 'Au']	8	[0.194 0.684 0.125]	[ 0.044 -0.093  0.05 ]	-0.9010926171874978
4	['Pt', 'Pd', 'Au']	8	[0.514 0.449 0.036]	[ 0.009 -0.042  0.033]	-0.9521230468749973
5	['Pt', 'Pd', 'Au']	8	[0.413 0.179 0.407]	[-0.045  0.071 -0.025]	-0.9928407031249992
6	['Pt', 'Pd', 'Au']	8	[0.117 0.501 0.381]	[-0.076  0.094 -0.019]	-0.7560398046874988
1	['Pt', 'Pd', 'Au']	9	[0.821 0.062 0.113]	[-0.032  0.052 -0.02 ]	-0.908868125000003
2	['Pt', 'Pd', 'Au']	9	[0.284 0.063 0.653]	[ 0.119 -0.032 -0.087]	-0.8178095312500021
3	['Pt', 'Pd', 'Au']	9	[0.154 0.766 0.083]	[-0.04   0.082 -0.042]	-0.8331578710937471
4	['Pt', 'Pd', 'Au']	9	[0.51  0.435 0.054]	[-0.004 -0.014  0.018]	-0.9538290820312473
5	['Pt', 'Pd', 'Au']	9	[0.437 0.096 0.466]	[ 0.024 -0.083  0.059]	-0.9391022851562526
6	['Pt', 'Pd', 'Au']	9	[0.252 0.371 0.376]	[ 0.135 -0.13  -0.005]	-0.9653237890624997
1	['Pt', 'Pd', 'Au']	10	[ 0.809  0.206 -0.017]	[ 0.006 -0.072  0.065]	-0.958452890624999
2	['Pt', 'Pd', 'Au']	10	[0.178 0.115 0.707]	[-0.106  0.052  0.054]	-0.8162031054687515
3	['Pt', 'Pd', 'Au']	10	[0.204 0.667 0.132]	[ 0.05  -0.099  0.049]	-0.8895612207031233
4	['Pt', 'Pd', 'Au']	10	[0.494 0.442 0.064]	[-0.016  0.007  0.01 ]	-0.9549493554687473
5	['Pt', 'Pd', 'Au']	10	[0.41  0.183 0.406]	[-0.027  0.087 -0.06 ]	-0.9925059570312492
6	['Pt', 'Pd', 'Au']	10	[0.15  0.469 0.379]	[-0.102  0.098  0.003]	-0.8875415429687484
1	['Pt', 'Pd', 'Au']	11	[0.845 0.116 0.035]	[-0.018  0.045 -0.026]	-0.9203845703125022
2	['Pt', 'Pd', 'Au']	11	[0.281 0.095 0.625]	[ 0.103 -0.02  -0.082]	-0.8247869238281271
3	['Pt', 'Pd', 'Au']	11	[0.168 0.734 0.101]	[-0.036  0.067 -0.031]	-0.8473562304687476
4	['Pt', 'Pd', 'Au']	11	[0.508 0.43  0.062]	[ 0.014 -0.012 -0.002]	-0.9549875585937473
5	['Pt', 'Pd', 'Au']	11	[0.437 0.097 0.465]	[ 0.027 -0.086  0.059]	-0.9399023046875026
6	['Pt', 'Pd', 'Au']	11	[0.253 0.363 0.382]	[ 0.103 -0.106  0.003]	-0.9656373632812497
1	['Pt', 'Pd', 'Au']	12	[0.826 0.091 0.079]	[-0.019 -0.025  0.044]	-0.9103244531250023
2	['Pt', 'Pd', 'Au']	12	[0.162 0.146 0.693]	[-0.119  0.051  0.068]	-0.8300789257812502
3	['Pt', 'Pd', 'Au']	12	[0.189 0.683 0.131]	[ 0.021 -0.051  0.03 ]	-0.8974237890624979
4	['Pt', 'Pd', 'Au']	12	[0.45  0.483 0.067]	[-0.058  0.053  0.005]	-0.9543767187499973
5	['Pt', 'Pd', 'Au']	12	[0.386 0.166 0.447]	[-0.051  0.069 -0.018]	-0.9918579492187491
6	['Pt', 'Pd', 'Au']	12	[0.154 0.464 0.38 ]	[-0.099  0.101 -0.002]	-0.9022249121093733
1	['Pt', 'Pd', 'Au']	13	[0.803 0.162 0.031]	[-0.023  0.071 -0.048]	-0.9594480664062489
2	['Pt', 'Pd', 'Au']	13	[0.309 0.094 0.598]	[ 0.147 -0.052 -0.095]	-0.8624524804687529
3	['Pt', 'Pd', 'Au']	13	[0.185 0.692 0.125]	[-0.004  0.009 -0.006]	-0.9018366308593728
4	['Pt', 'Pd', 'Au']	13	[0.491 0.41  0.099]	[ 0.041 -0.073  0.032]	-0.9569691210937482
5	['Pt', 'Pd', 'Au']	13	[0.493 0.099 0.407]	[ 0.107 -0.067 -0.04 ]	-0.9406030566406276
6	['Pt', 'Pd', 'Au']	13	[0.259 0.348 0.391]	[ 0.105 -0.116  0.011]	-0.9759601171875001
1	['Pt', 'Pd', 'Au']	14	[0.84  0.103 0.053]	[ 0.037 -0.059  0.022]	-0.9153301757812523
2	['Pt', 'Pd', 'Au']	14	[0.186 0.147 0.668]	[-0.123  0.053  0.07 ]	-0.8550881933593751
3	['Pt', 'Pd', 'Au']	14	[0.17  0.689 0.142]	[-0.015 -0.003  0.017]	-0.8622312207031226
4	['Pt', 'Pd', 'Au']	14	[0.448 0.481 0.071]	[-0.043  0.071 -0.028]	-0.9543767187499973
5	['Pt', 'Pd', 'Au']	14	[0.389 0.167 0.444]	[-0.104  0.068  0.037]	-0.991890722656249
6	['Pt', 'Pd', 'Au']	14	[0.161 0.45  0.387]	[-0.098  0.102 -0.004]	-0.9062289453124991
1	['Pt', 'Pd', 'Au']	15	[0.782 0.166 0.049]	[-0.058  0.063 -0.004]	-0.9603696582031238
2	['Pt', 'Pd', 'Au']	15	[0.299 0.109 0.593]	[ 0.113 -0.038 -0.075]	-0.8535712207031274
3	['Pt', 'Pd', 'Au']	15	[0.174 0.667 0.16 ]	[ 0.004 -0.022  0.018]	-0.8947791699218733
4	['Pt', 'Pd', 'Au']	15	[0.498 0.413 0.089]	[ 0.05  -0.068  0.018]	-0.9596757031249974
5	['Pt', 'Pd', 'Au']	15	[0.535 0.079 0.387]	[ 0.146 -0.088 -0.057]	-0.9292873535156276
6	['Pt', 'Pd', 'Au']	15	[0.259 0.348 0.392]	[ 0.098 -0.102  0.005]	-0.9759601171875001
1	['Pt', 'Pd', 'Au']	16	[0.834 0.106 0.056]	[ 0.052 -0.06   0.007]	-0.9215950000000023
2	['Pt', 'Pd', 'Au']	16	[0.208 0.173 0.619]	[-0.091  0.064  0.026]	-0.8589595117187511
3	['Pt', 'Pd', 'Au']	16	[0.161 0.663 0.178]	[-0.013 -0.004  0.018]	-0.8387724218749979
4	['Pt', 'Pd', 'Au']	16	[0.447 0.479 0.074]	[-0.051  0.066 -0.015]	-0.9543767187499973
5	['Pt', 'Pd', 'Au']	16	[0.416 0.157 0.428]	[-0.119  0.078  0.041]	-0.9902757812499992
6	['Pt', 'Pd', 'Au']	16	[0.162 0.451 0.386]	[-0.097  0.103 -0.006]	-0.9064183886718741
1	['Pt', 'Pd', 'Au']	17	[0.764 0.168 0.064]	[-0.07   0.062  0.008]	-0.9621816699218737
2	['Pt', 'Pd', 'Au']	17	[0.324 0.125 0.55 ]	[ 0.116 -0.048 -0.069]	-0.9207036132812524
3	['Pt', 'Pd', 'Au']	17	[0.174 0.635 0.193]	[ 0.013 -0.028  0.015]	-0.9112723632812485
4	['Pt', 'Pd', 'Au']	17	[0.496 0.407 0.096]	[ 0.049 -0.072  0.022]	-0.9601627343749974
5	['Pt', 'Pd', 'Au']	17	[0.501 0.07  0.43 ]	[ 0.085 -0.087  0.002]	-0.9287521777343777
6	['Pt', 'Pd', 'Au']	17	[0.251 0.366 0.382]	[ 0.089 -0.085 -0.004]	-0.9652717968749998
1	['Pt', 'Pd', 'Au']	18	[0.793 0.127 0.076]	[ 0.029 -0.041  0.012]	-0.9663686425781267
2	['Pt', 'Pd', 'Au']	18	[0.235 0.165 0.599]	[-0.089  0.04   0.049]	-0.8553162207031264
3	['Pt', 'Pd', 'Au']	18	[0.178 0.668 0.156]	[ 0.004  0.033 -0.037]	-0.8960861035156232
4	['Pt', 'Pd', 'Au']	18	[0.466 0.439 0.094]	[-0.03   0.032 -0.002]	-0.9603797167968724
5	['Pt', 'Pd', 'Au']	18	[0.406 0.158 0.437]	[-0.095  0.088  0.007]	-0.9902757812499992
6	['Pt', 'Pd', 'Au']	18	[0.161 0.446 0.391]	[-0.09   0.08   0.009]	-0.906216386718749
1	['Pt', 'Pd', 'Au']	19	[0.746 0.174 0.076]	[-0.047  0.047  0.   ]	-0.9617113769531238
2	['Pt', 'Pd', 'Au']	19	[0.329 0.14  0.53 ]	[ 0.094 -0.025 -0.069]	-0.918584267578125
3	['Pt', 'Pd', 'Au']	19	[0.187 0.607 0.209]	[ 0.009 -0.061  0.053]	-0.9219118261718735
4	['Pt', 'Pd', 'Au']	19	[0.522 0.389 0.088]	[ 0.056 -0.05  -0.006]	-0.9596757031249974
5	['Pt', 'Pd', 'Au']	19	[0.533 0.042 0.426]	[ 0.127 -0.116 -0.011]	-0.9249805371093777
6	['Pt', 'Pd', 'Au']	19	[0.262 0.35  0.386]	[ 0.101 -0.096 -0.005]	-0.9764253710937502
1	['Pt', 'Pd', 'Au']	20	[0.788 0.129 0.079]	[ 0.042 -0.045  0.003]	-0.9752152050781266
2	['Pt', 'Pd', 'Au']	20	[0.234 0.171 0.594]	[-0.095  0.031  0.064]	-0.8582051464843763
3	['Pt', 'Pd', 'Au']	20	[0.131 0.699 0.174]	[-0.056  0.092 -0.035]	-0.7253371093749978
4	['Pt', 'Pd', 'Au']	20	[0.471 0.408 0.12 ]	[-0.051  0.019  0.032]	-0.9575477050781231
5	['Pt', 'Pd', 'Au']	20	[0.401 0.133 0.467]	[-0.132  0.091  0.041]	-1.0105186328125013
6	['Pt', 'Pd', 'Au']	20	[0.163 0.444 0.391]	[-0.099  0.094  0.005]	-0.907371220703124
1	['Pt', 'Pd', 'Au']	21	[0.78  0.152 0.063]	[-0.008  0.023 -0.016]	-0.9594802539062491
2	['Pt', 'Pd', 'Au']	21	[0.338 0.139 0.522]	[ 0.104 -0.032 -0.072]	-0.9416180175781248
3	['Pt', 'Pd', 'Au']	21	[0.206 0.574 0.223]	[ 0.075 -0.125  0.049]	-0.9464924511718744
4	['Pt', 'Pd', 'Au']	21	[0.519 0.381 0.1  ]	[ 0.048 -0.027 -0.02 ]	-0.9571638085937481
5	['Pt', 'Pd', 'Au']	21	[0.511 0.054 0.437]	[ 0.11  -0.079 -0.03 ]	-0.9269693652343779
6	['Pt', 'Pd', 'Au']	21	[0.262 0.335 0.402]	[ 0.099 -0.109  0.011]	-0.9765883984375001
1	['Pt', 'Pd', 'Au']	22	[0.782 0.131 0.082]	[ 0.002 -0.021  0.019]	-0.9769405957031267
2	['Pt', 'Pd', 'Au']	22	[0.257 0.133 0.609]	[-0.081 -0.006  0.087]	-0.8824316894531273
3	['Pt', 'Pd', 'Au']	22	[0.126 0.667 0.21 ]	[-0.08   0.093 -0.013]	-0.7377371972656227
4	['Pt', 'Pd', 'Au']	22	[0.477 0.404 0.12 ]	[-0.042  0.023  0.02 ]	-0.9575477050781231
5	['Pt', 'Pd', 'Au']	22	[0.395 0.129 0.478]	[-0.116  0.075  0.041]	-1.0074511132812514
6	['Pt', 'Pd', 'Au']	22	[0.2   0.421 0.378]	[-0.062  0.086 -0.024]	-0.9639074121093746
1	['Pt', 'Pd', 'Au']	23	[0.779 0.14  0.076]	[-0.003  0.009 -0.006]	-0.9591071679687492
2	['Pt', 'Pd', 'Au']	23	[0.35  0.165 0.484]	[ 0.093  0.032 -0.125]	-0.9946817773437495
3	['Pt', 'Pd', 'Au']	23	[0.207 0.548 0.249]	[ 0.081 -0.119  0.039]	-0.9750557226562493
4	['Pt', 'Pd', 'Au']	23	[0.529 0.386 0.086]	[ 0.052 -0.018 -0.034]	-0.9596757031249974
5	['Pt', 'Pd', 'Au']	23	[0.521 0.079 0.402]	[ 0.126 -0.05  -0.076]	-0.9292873535156276
6	['Pt', 'Pd', 'Au']	23	[0.266 0.329 0.405]	[ 0.066 -0.092  0.027]	-0.9768265429687499
1	['Pt', 'Pd', 'Au']	24	[0.782 0.14  0.073]	[ 0.003  0.    -0.003]	-0.9591071679687492
2	['Pt', 'Pd', 'Au']	24	[0.256 0.13  0.613]	[-0.094 -0.035  0.129]	-0.8789439160156272
3	['Pt', 'Pd', 'Au']	24	[0.134 0.652 0.218]	[-0.073  0.104 -0.031]	-0.7462613574218733
4	['Pt', 'Pd', 'Au']	24	[0.51  0.391 0.101]	[-0.019  0.005  0.015]	-0.9571638085937481
5	['Pt', 'Pd', 'Au']	24	[0.409 0.122 0.471]	[-0.112  0.043  0.069]	-0.9852513281250019
6	['Pt', 'Pd', 'Au']	24	[0.198 0.397 0.405]	[-0.068  0.068 -0.   ]	-0.9684631347656242
1	['Pt', 'Pd', 'Au']	25	[0.782 0.149 0.064]	[ 0.     0.009 -0.009]	-0.9594656445312492
2	['Pt', 'Pd', 'Au']	25	[0.358 0.125 0.515]	[ 0.102 -0.005 -0.098]	-0.9972844921875021
3	['Pt', 'Pd', 'Au']	25	[0.212 0.53  0.263]	[ 0.078 -0.122  0.045]	-0.9750958398437493
4	['Pt', 'Pd', 'Au']	25	[0.505 0.359 0.138]	[-0.005 -0.032  0.037]	-0.9559997363281235
5	['Pt', 'Pd', 'Au']	25	[0.52  0.092 0.39 ]	[ 0.111 -0.03  -0.081]	-0.9385731933593776
6	['Pt', 'Pd', 'Au']	25	[0.284 0.344 0.372]	[ 0.086 -0.053 -0.033]	-0.975369521484375
