ID	Elements	Generation	Position	Region	Velocity	Activity
1	['Pt', 'Pd', 'Au']	0	[0.5 0.5 0. ]	11	[-0.082 -0.082  0.163]	-0.27794668945312473
2	['Pt', 'Pd', 'Au']	0	[0.5 0.  0.5]	9	[-0.082  0.163 -0.082]	-0.947460126953122
3	['Pt', 'Pd', 'Au']	0	[0.  0.5 0.5]	2	[ 0.163 -0.082 -0.082]	-0.8928844433593769
4	['Pt', 'Pd', 'Au']	0	[0.25  0.155 0.595]	5	[ 0.051  0.109 -0.16 ]	-0.9500775585937494
5	['Pt', 'Pd', 'Au']	0	[0.307 0.395 0.298]	7	[ 0.069 -0.164  0.092]	-0.98608240234375
6	['Pt', 'Pd', 'Au']	0	[0.354 0.056 0.59 ]	5	[-0.011  0.146 -0.136]	-0.9542632421874969
1	['Pt', 'Pd', 'Au']	1	[0.479 0.506 0.015]	11	[-0.021  0.006  0.015]	-0.2871508789062496
2	['Pt', 'Pd', 'Au']	1	[0.404 0.198 0.398]	9	[ 0.048 -0.099  0.051]	-0.9595243945312485
3	['Pt', 'Pd', 'Au']	1	[0.226 0.382 0.392]	6	[-0.113  0.059  0.054]	-0.996167314453125
4	['Pt', 'Pd', 'Au']	1	[0.17  0.072 0.758]	5	[-0.08  -0.083  0.163]	-0.9521327539062483
5	['Pt', 'Pd', 'Au']	1	[0.229 0.559 0.213]	7	[-0.078  0.164 -0.085]	-0.8779068945312528
6	['Pt', 'Pd', 'Au']	1	[0.338 0.22  0.442]	6	[ 0.008 -0.082  0.074]	-0.9961360742187482
1	['Pt', 'Pd', 'Au']	2	[0.38  0.465 0.155]	11	[-0.099 -0.041  0.14 ]	-0.893425732421874
2	['Pt', 'Pd', 'Au']	2	[0.372 0.291 0.337]	10	[-0.032  0.093 -0.061]	-1.0020746777343743
3	['Pt', 'Pd', 'Au']	2	[0.348 0.306 0.347]	10	[ 0.122 -0.076 -0.045]	-1.032003310546874
4	['Pt', 'Pd', 'Au']	2	[0.247 0.158 0.595]	5	[ 0.077  0.086 -0.163]	-0.9528824121093749
5	['Pt', 'Pd', 'Au']	2	[0.299 0.401 0.302]	7	[ 0.07  -0.158  0.089]	-0.9891923046875001
6	['Pt', 'Pd', 'Au']	2	[0.312 0.324 0.364]	6	[-0.026  0.104 -0.078]	-1.0389200683593742
1	['Pt', 'Pd', 'Au']	3	[0.449 0.488 0.063]	11	[ 0.069  0.023 -0.092]	-0.30798466796874935
2	['Pt', 'Pd', 'Au']	3	[0.45  0.191 0.359]	10	[ 0.078 -0.1    0.022]	-0.9579340039062485
3	['Pt', 'Pd', 'Au']	3	[0.265 0.377 0.359]	7	[-0.083  0.071  0.012]	-1.0131218945312501
4	['Pt', 'Pd', 'Au']	3	[0.184 0.089 0.727]	5	[-0.063 -0.069  0.132]	-0.9592462207031235
5	['Pt', 'Pd', 'Au']	3	[0.228 0.556 0.217]	7	[-0.071  0.155 -0.085]	-0.8781758398437528
6	['Pt', 'Pd', 'Au']	3	[0.346 0.206 0.447]	6	[ 0.034 -0.118  0.083]	-0.9642364746093735
1	['Pt', 'Pd', 'Au']	4	[0.324 0.459 0.217]	7	[-0.125 -0.029  0.154]	-0.9672911230468745
2	['Pt', 'Pd', 'Au']	4	[0.347 0.271 0.382]	6	[-0.103  0.08   0.023]	-1.0308715039062486
3	['Pt', 'Pd', 'Au']	4	[0.337 0.283 0.381]	6	[ 0.072 -0.094  0.022]	-1.0302496972656237
4	['Pt', 'Pd', 'Au']	4	[0.287 0.13  0.583]	5	[ 0.103  0.041 -0.144]	-0.9578208007812488
5	['Pt', 'Pd', 'Au']	4	[0.322 0.393 0.286]	7	[ 0.094 -0.163  0.069]	-0.985545302734375
6	['Pt', 'Pd', 'Au']	4	[0.305 0.349 0.345]	7	[-0.041  0.143 -0.102]	-1.0152923925781248
1	['Pt', 'Pd', 'Au']	5	[0.414 0.487 0.099]	11	[ 0.09   0.028 -0.118]	-0.7345032324218748
2	['Pt', 'Pd', 'Au']	5	[0.443 0.221 0.336]	10	[ 0.096 -0.05  -0.046]	-0.9702882519531238
3	['Pt', 'Pd', 'Au']	5	[0.25  0.368 0.383]	6	[-0.087  0.085  0.002]	-1.0138532031250003
4	['Pt', 'Pd', 'Au']	5	[0.278 0.057 0.664]	5	[-0.009 -0.073  0.081]	-0.9553324316406236
5	['Pt', 'Pd', 'Au']	5	[0.269 0.482 0.25 ]	7	[-0.053  0.089 -0.036]	-0.9464829296875028
6	['Pt', 'Pd', 'Au']	5	[0.289 0.242 0.468]	6	[-0.016 -0.107  0.123]	-1.0298682617187493
1	['Pt', 'Pd', 'Au']	6	[0.338 0.4   0.262]	7	[-0.076 -0.087  0.163]	-0.9772500976562494
2	['Pt', 'Pd', 'Au']	6	[0.334 0.251 0.415]	6	[-0.109  0.03   0.079]	-1.0314560156249986
3	['Pt', 'Pd', 'Au']	6	[0.304 0.303 0.394]	6	[ 0.054 -0.065  0.011]	-1.041763124999999
4	['Pt', 'Pd', 'Au']	6	[0.266 0.104 0.629]	5	[-0.012  0.047 -0.035]	-0.9523034472656241
5	['Pt', 'Pd', 'Au']	6	[0.3   0.384 0.317]	7	[ 0.031 -0.098  0.067]	-0.9988944140625
6	['Pt', 'Pd', 'Au']	6	[0.274 0.328 0.397]	6	[-0.015  0.086 -0.071]	-1.0181021875000005
1	['Pt', 'Pd', 'Au']	7	[0.395 0.495 0.11 ]	11	[ 0.057  0.095 -0.152]	-0.7459908300781248
2	['Pt', 'Pd', 'Au']	7	[0.416 0.279 0.305]	10	[ 0.082  0.028 -0.11 ]	-0.9879161035156239
3	['Pt', 'Pd', 'Au']	7	[0.252 0.364 0.385]	6	[-0.052  0.061 -0.009]	-1.013340625
4	['Pt', 'Pd', 'Au']	7	[0.265 0.071 0.662]	5	[-0.001 -0.033  0.033]	-0.9510402441406238
5	['Pt', 'Pd', 'Au']	7	[0.257 0.487 0.258]	7	[-0.043  0.103 -0.059]	-0.9534326269531275
6	['Pt', 'Pd', 'Au']	7	[0.3   0.272 0.427]	6	[ 0.026 -0.056  0.03 ]	-1.0413452636718739
1	['Pt', 'Pd', 'Au']	8	[0.327 0.401 0.273]	7	[-0.068 -0.094  0.163]	-0.9776650488281243
2	['Pt', 'Pd', 'Au']	8	[0.367 0.23  0.403]	6	[-0.049 -0.049  0.098]	-1.0073845214843724
3	['Pt', 'Pd', 'Au']	8	[0.286 0.289 0.426]	6	[ 0.034 -0.075  0.041]	-1.0391297363281242
4	['Pt', 'Pd', 'Au']	8	[0.251 0.116 0.631]	5	[-0.014  0.045 -0.031]	-0.953166826171874
5	['Pt', 'Pd', 'Au']	8	[0.293 0.401 0.308]	7	[ 0.036 -0.086  0.05 ]	-0.9964153222656251
6	['Pt', 'Pd', 'Au']	8	[0.279 0.317 0.403]	6	[-0.021  0.045 -0.024]	-1.0318565332031253
1	['Pt', 'Pd', 'Au']	9	[0.34  0.479 0.182]	7	[ 0.013  0.078 -0.091]	-0.9727042968749988
2	['Pt', 'Pd', 'Au']	9	[0.403 0.281 0.316]	10	[ 0.036  0.051 -0.087]	-0.995921757812499
3	['Pt', 'Pd', 'Au']	9	[0.247 0.332 0.422]	6	[-0.039  0.043 -0.004]	-1.0191080566406254
4	['Pt', 'Pd', 'Au']	9	[0.297 0.026 0.675]	5	[ 0.046 -0.09   0.044]	-0.9593811523437481
5	['Pt', 'Pd', 'Au']	9	[0.24  0.458 0.304]	7	[-0.053  0.057 -0.004]	-0.9555138476562525
6	['Pt', 'Pd', 'Au']	9	[0.233 0.308 0.458]	6	[-0.046 -0.009  0.055]	-1.012473701171875
1	['Pt', 'Pd', 'Au']	10	[0.331 0.416 0.254]	7	[-0.009 -0.063  0.072]	-0.9730576855468746
2	['Pt', 'Pd', 'Au']	10	[0.361 0.247 0.392]	6	[-0.042 -0.034  0.076]	-1.0265798925781233
3	['Pt', 'Pd', 'Au']	10	[0.267 0.34  0.394]	6	[ 0.02   0.008 -0.028]	-1.0172971289062502
4	['Pt', 'Pd', 'Au']	10	[0.222 0.116 0.66 ]	5	[-0.075  0.09  -0.015]	-0.9625518359374989
5	['Pt', 'Pd', 'Au']	10	[0.262 0.392 0.347]	7	[ 0.022 -0.066  0.043]	-1.0136837695312506
6	['Pt', 'Pd', 'Au']	10	[0.269 0.295 0.436]	6	[ 0.036 -0.013 -0.022]	-1.0258592285156252
1	['Pt', 'Pd', 'Au']	11	[0.313 0.474 0.214]	7	[-0.018  0.058 -0.04 ]	-0.9768138671875001
2	['Pt', 'Pd', 'Au']	11	[0.406 0.268 0.326]	10	[ 0.045  0.021 -0.066]	-0.9980389062499988
3	['Pt', 'Pd', 'Au']	11	[0.257 0.3   0.444]	6	[-0.01 -0.04  0.05]	-1.0258544628906252
4	['Pt', 'Pd', 'Au']	11	[0.306 0.01  0.682]	5	[ 0.084 -0.106  0.022]	-0.9624954199218726
5	['Pt', 'Pd', 'Au']	11	[0.228 0.48  0.293]	7	[-0.034  0.088 -0.054]	-0.9096189746093766
6	['Pt', 'Pd', 'Au']	11	[0.255 0.277 0.468]	6	[-0.014 -0.018  0.032]	-1.0240221679687502
1	['Pt', 'Pd', 'Au']	12	[0.331 0.427 0.243]	7	[ 0.018 -0.047  0.029]	-0.9681070410156243
2	['Pt', 'Pd', 'Au']	12	[0.39  0.237 0.373]	10	[-0.016 -0.031  0.047]	-1.013306064453123
3	['Pt', 'Pd', 'Au']	12	[0.218 0.336 0.447]	6	[-0.039  0.036  0.003]	-0.9984321093750003
4	['Pt', 'Pd', 'Au']	12	[0.245 0.086 0.667]	5	[-0.061  0.076 -0.015]	-0.9560737207031238
5	['Pt', 'Pd', 'Au']	12	[0.217 0.404 0.379]	7	[-0.011 -0.076  0.086]	-0.9940937890624996
6	['Pt', 'Pd', 'Au']	12	[0.223 0.277 0.5  ]	6	[-0.032 -0.     0.032]	-1.0053274316406249
1	['Pt', 'Pd', 'Au']	13	[0.31  0.477 0.213]	7	[-0.021  0.05  -0.03 ]	-0.9768138671875001
2	['Pt', 'Pd', 'Au']	13	[0.419 0.237 0.344]	10	[ 0.029 -0.    -0.029]	-1.0010781640624988
3	['Pt', 'Pd', 'Au']	13	[0.271 0.307 0.423]	6	[ 0.053 -0.029 -0.024]	-1.0297774804687503
4	['Pt', 'Pd', 'Au']	13	[0.257 0.102 0.639]	5	[ 0.012  0.016 -0.028]	-0.9513433300781243
5	['Pt', 'Pd', 'Au']	13	[0.225 0.488 0.288]	7	[ 0.008  0.084 -0.091]	-0.9009848828125021
6	['Pt', 'Pd', 'Au']	13	[0.199 0.28  0.521]	6	[-0.024  0.003  0.021]	-1.0022890722656248
1	['Pt', 'Pd', 'Au']	14	[0.327 0.43  0.244]	7	[ 0.017 -0.047  0.031]	-0.9689927539062494
2	['Pt', 'Pd', 'Au']	14	[0.373 0.231 0.397]	6	[-0.046 -0.006  0.053]	-1.0102826269531224
3	['Pt', 'Pd', 'Au']	14	[0.197 0.321 0.483]	6	[-0.074  0.014  0.06 ]	-1.0021470703124995
4	['Pt', 'Pd', 'Au']	14	[0.271 0.091 0.636]	5	[ 0.014 -0.011 -0.003]	-0.9559631835937491
5	['Pt', 'Pd', 'Au']	14	[0.186 0.419 0.396]	2	[-0.039 -0.069  0.108]	-0.9883076855468738
6	['Pt', 'Pd', 'Au']	14	[0.21  0.277 0.512]	6	[ 0.011 -0.003 -0.009]	-1.0027037499999998
1	['Pt', 'Pd', 'Au']	15	[0.326 0.476 0.199]	7	[-0.001  0.046 -0.045]	-0.9709308105468741
2	['Pt', 'Pd', 'Au']	15	[0.357 0.269 0.376]	6	[-0.016  0.038 -0.021]	-1.0308715039062486
3	['Pt', 'Pd', 'Au']	15	[0.249 0.277 0.475]	6	[ 0.052 -0.044 -0.008]	-1.0256054394531249
4	['Pt', 'Pd', 'Au']	15	[0.259 0.114 0.624]	5	[-0.012  0.023 -0.012]	-0.9521992968749993
5	['Pt', 'Pd', 'Au']	15	[0.2   0.468 0.333]	7	[ 0.014  0.049 -0.063]	-0.9327282031250012
6	['Pt', 'Pd', 'Au']	15	[0.215 0.245 0.54 ]	6	[ 0.005 -0.032  0.028]	-0.9999951953125
1	['Pt', 'Pd', 'Au']	16	[0.322 0.483 0.196]	7	[-0.004  0.007 -0.003]	-0.9817649511718747
2	['Pt', 'Pd', 'Au']	16	[0.365 0.213 0.424]	6	[ 0.008 -0.056  0.048]	-0.9636313183593733
3	['Pt', 'Pd', 'Au']	16	[0.239 0.322 0.44 ]	6	[-0.01   0.045 -0.035]	-1.0179974121093756
4	['Pt', 'Pd', 'Au']	16	[0.214 0.132 0.651]	5	[-0.045  0.018  0.027]	-0.9640997167968738
5	['Pt', 'Pd', 'Au']	16	[0.225 0.386 0.391]	6	[ 0.025 -0.082  0.058]	-0.996167314453125
6	['Pt', 'Pd', 'Au']	16	[0.212 0.276 0.512]	6	[-0.003  0.031 -0.028]	-1.0044108593749999
1	['Pt', 'Pd', 'Au']	17	[0.339 0.475 0.187]	7	[ 0.017 -0.008 -0.009]	-0.9745234472656239
2	['Pt', 'Pd', 'Au']	17	[0.311 0.279 0.412]	6	[-0.054  0.066 -0.012]	-1.041424267578124
3	['Pt', 'Pd', 'Au']	17	[0.25  0.288 0.463]	6	[ 0.011 -0.034  0.023]	-1.0268484375
4	['Pt', 'Pd', 'Au']	17	[0.271 0.086 0.639]	5	[ 0.057 -0.046 -0.012]	-0.9561047265624991
5	['Pt', 'Pd', 'Au']	17	[0.205 0.431 0.367]	7	[-0.02   0.045 -0.024]	-0.9909501660156246
6	['Pt', 'Pd', 'Au']	17	[0.238 0.206 0.556]	6	[ 0.026 -0.07   0.044]	-0.9572561523437504
1	['Pt', 'Pd', 'Au']	18	[0.325 0.461 0.215]	7	[-0.014 -0.014  0.028]	-0.9672366894531244
2	['Pt', 'Pd', 'Au']	18	[0.403 0.222 0.377]	10	[ 0.092 -0.057 -0.035]	-0.996996591796873
3	['Pt', 'Pd', 'Au']	18	[0.249 0.303 0.45 ]	6	[-0.001  0.015 -0.013]	-1.027655625
4	['Pt', 'Pd', 'Au']	18	[0.258 0.083 0.655]	5	[-0.013 -0.003  0.016]	-0.951944228515624
5	['Pt', 'Pd', 'Au']	18	[0.212 0.42  0.372]	7	[ 0.007 -0.011  0.005]	-0.9933218261718746
6	['Pt', 'Pd', 'Au']	18	[0.235 0.265 0.5  ]	6	[-0.003  0.059 -0.056]	-1.0096926953125
1	['Pt', 'Pd', 'Au']	19	[0.332 0.481 0.189]	7	[ 0.007  0.02  -0.026]	-0.9750810253906239
2	['Pt', 'Pd', 'Au']	19	[0.335 0.246 0.422]	6	[-0.068  0.024  0.045]	-1.0291109277343733
3	['Pt', 'Pd', 'Au']	19	[0.263 0.283 0.456]	6	[ 0.014 -0.02   0.006]	-1.0240590527343754
4	['Pt', 'Pd', 'Au']	19	[0.295 0.073 0.628]	5	[ 0.037 -0.01  -0.027]	-0.9610774511718732
5	['Pt', 'Pd', 'Au']	19	[0.162 0.471 0.371]	2	[-0.05   0.051 -0.001]	-0.9889067089843738
6	['Pt', 'Pd', 'Au']	19	[0.237 0.211 0.552]	6	[ 0.002 -0.054  0.052]	-0.9620021875000003
1	['Pt', 'Pd', 'Au']	20	[0.34  0.484 0.178]	7	[ 0.008  0.003 -0.011]	-0.9712697167968738
2	['Pt', 'Pd', 'Au']	20	[0.372 0.222 0.408]	6	[ 0.037 -0.024 -0.014]	-0.9968966308593731
3	['Pt', 'Pd', 'Au']	20	[0.267 0.289 0.447]	6	[ 0.004  0.006 -0.009]	-1.026163447265625
4	['Pt', 'Pd', 'Au']	20	[0.277 0.1   0.619]	5	[-0.018  0.027 -0.009]	-0.9543146191406243
5	['Pt', 'Pd', 'Au']	20	[0.252 0.389 0.363]	7	[ 0.09  -0.082 -0.008]	-1.01440048828125
6	['Pt', 'Pd', 'Au']	20	[0.194 0.267 0.538]	6	[-0.043  0.056 -0.014]	-1.0023282421874995
1	['Pt', 'Pd', 'Au']	21	[0.316 0.49  0.196]	7	[-0.024  0.006  0.018]	-0.9832790332031246
2	['Pt', 'Pd', 'Au']	21	[0.345 0.225 0.432]	6	[-0.027  0.003  0.024]	-1.0030897363281228
3	['Pt', 'Pd', 'Au']	21	[0.26  0.272 0.471]	6	[-0.007 -0.017  0.024]	-1.0255166992187503
4	['Pt', 'Pd', 'Au']	21	[0.329 0.065 0.603]	5	[ 0.052 -0.035 -0.016]	-0.955925097656247
5	['Pt', 'Pd', 'Au']	21	[0.131 0.456 0.417]	2	[-0.121  0.067  0.054]	-1.0039875000000014
6	['Pt', 'Pd', 'Au']	21	[0.197 0.25  0.552]	6	[ 0.003 -0.017  0.014]	-1.0028701953124992
1	['Pt', 'Pd', 'Au']	22	[0.332 0.48  0.19 ]	7	[ 0.016 -0.01  -0.006]	-0.9750810253906239
2	['Pt', 'Pd', 'Au']	22	[0.307 0.251 0.443]	6	[-0.038  0.026  0.011]	-1.0422255175781237
3	['Pt', 'Pd', 'Au']	22	[0.256 0.264 0.482]	6	[-0.004 -0.008  0.011]	-1.0251012304687503
4	['Pt', 'Pd', 'Au']	22	[0.274 0.065 0.659]	5	[-0.055 -0.     0.056]	-0.9529874511718737
5	['Pt', 'Pd', 'Au']	22	[0.215 0.404 0.385]	7	[ 0.084 -0.052 -0.032]	-0.9942593554687496
6	['Pt', 'Pd', 'Au']	22	[0.186 0.288 0.526]	6	[-0.011  0.038 -0.026]	-0.9983303906249996
