ID	Elements	Generation	Position	Velocity	Activity
1	['Pt', 'Pd', 'Au']	0	[0.5 0.5 0. ]	[-0.123 -0.123  0.245]	-0.9373137011718712
2	['Pt', 'Pd', 'Au']	0	[0.5 0.  0.5]	[-0.123  0.245 -0.123]	-0.9103924121093762
3	['Pt', 'Pd', 'Au']	0	[0.  0.5 0.5]	[ 0.245 -0.123 -0.123]	-0.27012013671874996
4	['Pt', 'Pd', 'Au']	0	[0.9  0.05 0.05]	[-0.245  0.122  0.122]	-0.8797533007812509
5	['Pt', 'Pd', 'Au']	0	[0.05 0.9  0.05]	[ 0.122 -0.245  0.122]	-0.2946266406250005
6	['Pt', 'Pd', 'Au']	0	[0.05 0.05 0.9 ]	[ 0.122  0.122 -0.245]	-0.2527593847656257
1	['Pt', 'Pd', 'Au']	1	[0.336 0.424 0.24 ]	[-0.217  0.01   0.207]	-0.9848260546874987
2	['Pt', 'Pd', 'Au']	1	[0.399 0.221 0.38 ]	[-0.081  0.219 -0.138]	-0.9829806347656252
3	['Pt', 'Pd', 'Au']	1	[0.143 0.6   0.256]	[ 0.143  0.1   -0.244]	-0.8910499218749958
4	['Pt', 'Pd', 'Au']	1	[0.974 0.    0.026]	[-0.086 -0.013  0.099]	-0.8795465332031259
5	['Pt', 'Pd', 'Au']	1	[0.182 0.709 0.109]	[ 0.171 -0.238  0.067]	-0.8986273144531213
6	['Pt', 'Pd', 'Au']	1	[0.187 0.157 0.656]	[ 0.137  0.107 -0.244]	-0.8238710058593764
1	['Pt', 'Pd', 'Au']	2	[0.542 0.414 0.043]	[ 0.206 -0.01  -0.197]	-0.9403472656249963
2	['Pt', 'Pd', 'Au']	2	[0.448 0.007 0.545]	[-0.225  0.178  0.047]	-0.9103924121093762
3	['Pt', 'Pd', 'Au']	2	[0.006 0.533 0.46 ]	[-0.137 -0.067  0.204]	-0.2709063671875
4	['Pt', 'Pd', 'Au']	2	[0.915 0.085 0.   ]	[-0.059  0.085 -0.026]	-0.8837346679687509
5	['Pt', 'Pd', 'Au']	2	[0.087 0.843 0.07 ]	[-0.221  0.13   0.092]	-0.6540748339843724
6	['Pt', 'Pd', 'Au']	2	[0.111 0.132 0.757]	[-0.076 -0.025  0.101]	-0.7272866796874996
1	['Pt', 'Pd', 'Au']	3	[0.371 0.347 0.28 ]	[-0.171 -0.067  0.237]	-1.0211949023437479
2	['Pt', 'Pd', 'Au']	3	[0.449 0.176 0.376]	[ 0.099  0.109 -0.208]	-0.9768933593749993
3	['Pt', 'Pd', 'Au']	3	[0.211 0.546 0.242]	[ 0.205  0.013 -0.218]	-0.9470388964843738
4	['Pt', 'Pd', 'Au']	3	[0.961 0.029 0.009]	[-0.002  0.101 -0.099]	-0.8804780371093759
5	['Pt', 'Pd', 'Au']	3	[0.311 0.645 0.044]	[ 0.224 -0.198 -0.026]	-0.9010973925781208
6	['Pt', 'Pd', 'Au']	3	[0.299 0.175 0.527]	[ 0.188  0.043 -0.23 ]	-0.8736136621093756
1	['Pt', 'Pd', 'Au']	4	[0.538 0.408 0.052]	[ 0.167  0.061 -0.228]	-0.9423250292968712
2	['Pt', 'Pd', 'Au']	4	[0.429 0.139 0.433]	[-0.02  -0.037  0.057]	-0.9752634277343741
3	['Pt', 'Pd', 'Au']	4	[0.031 0.516 0.453]	[-0.18  -0.03   0.211]	-0.28465064453125
4	['Pt', 'Pd', 'Au']	4	[0.883 0.007 0.11 ]	[-0.078 -0.022  0.101]	-0.8924626757812512
5	['Pt', 'Pd', 'Au']	4	[0.093 0.851 0.056]	[-0.218  0.206  0.012]	-0.664374238281247
6	['Pt', 'Pd', 'Au']	4	[0.171 0.061 0.769]	[-0.128 -0.114  0.242]	-0.7736265039062515
1	['Pt', 'Pd', 'Au']	5	[0.36  0.352 0.287]	[-0.178 -0.056  0.235]	-1.023046191406248
2	['Pt', 'Pd', 'Au']	5	[0.334 0.202 0.465]	[-0.095  0.063  0.032]	-0.9115696582031264
3	['Pt', 'Pd', 'Au']	5	[0.276 0.402 0.323]	[ 0.245 -0.114 -0.13 ]	-0.96755974609375
4	['Pt', 'Pd', 'Au']	5	[0.907 0.044 0.049]	[ 0.024  0.037 -0.061]	-0.879845625000001
5	['Pt', 'Pd', 'Au']	5	[0.282 0.622 0.096]	[ 0.189 -0.229  0.04 ]	-0.8987479980468716
6	['Pt', 'Pd', 'Au']	5	[0.314 0.162 0.525]	[ 0.143  0.101 -0.244]	-0.8901276562500008
1	['Pt', 'Pd', 'Au']	6	[0.508 0.447 0.044]	[ 0.148  0.095 -0.243]	-0.9394071484374962
2	['Pt', 'Pd', 'Au']	6	[0.434 0.146 0.42 ]	[ 0.1   -0.056 -0.045]	-0.9752634277343741
3	['Pt', 'Pd', 'Au']	6	[0.038 0.572 0.39 ]	[-0.238  0.17   0.067]	-0.29040691406249985
4	['Pt', 'Pd', 'Au']	6	[0.773 0.01  0.216]	[-0.166  0.019  0.147]	-0.8994090917968763
5	['Pt', 'Pd', 'Au']	6	[0.113 0.86  0.027]	[-0.169  0.238 -0.069]	-0.6866292187499967
6	['Pt', 'Pd', 'Au']	6	[0.21  0.142 0.649]	[-0.104 -0.02   0.124]	-0.8124130175781268
1	['Pt', 'Pd', 'Au']	7	[0.321 0.403 0.274]	[-0.187 -0.044  0.23 ]	-0.9881257617187489
2	['Pt', 'Pd', 'Au']	7	[0.427 0.228 0.345]	[-0.007  0.082 -0.075]	-0.9824110742187503
3	['Pt', 'Pd', 'Au']	7	[0.268 0.384 0.348]	[ 0.23  -0.188 -0.042]	-0.9590964355468748
4	['Pt', 'Pd', 'Au']	7	[0.9   0.004 0.095]	[ 0.127 -0.006 -0.121]	-0.8917351757812514
5	['Pt', 'Pd', 'Au']	7	[0.258 0.617 0.125]	[ 0.145 -0.243  0.098]	-0.8893220117187474
6	['Pt', 'Pd', 'Au']	7	[0.333 0.195 0.473]	[ 0.123  0.053 -0.176]	-0.9111466796875011
1	['Pt', 'Pd', 'Au']	8	[0.44  0.529 0.029]	[ 0.119  0.126 -0.245]	-0.9381469628906212
2	['Pt', 'Pd', 'Au']	8	[0.467 0.197 0.336]	[ 0.04  -0.031 -0.009]	-0.9794253808593756
3	['Pt', 'Pd', 'Au']	8	[0.085 0.617 0.298]	[-0.183  0.233 -0.05 ]	-0.6977765234374972
4	['Pt', 'Pd', 'Au']	8	[0.659 0.086 0.254]	[-0.241  0.082  0.159]	-0.9210631835937522
5	['Pt', 'Pd', 'Au']	8	[0.128 0.823 0.049]	[-0.13   0.206 -0.076]	-0.7103055957031211
6	['Pt', 'Pd', 'Au']	8	[0.262 0.091 0.648]	[-0.071 -0.104  0.175]	-0.7839026074218777
1	['Pt', 'Pd', 'Au']	9	[0.401 0.339 0.258]	[-0.039 -0.19   0.229]	-1.022034609374998
2	['Pt', 'Pd', 'Au']	9	[0.438 0.222 0.34 ]	[-0.029  0.025  0.004]	-0.9864735253906258
3	['Pt', 'Pd', 'Au']	9	[0.248 0.377 0.375]	[ 0.163 -0.24   0.077]	-0.9460436718749997
4	['Pt', 'Pd', 'Au']	9	[0.887 0.016 0.096]	[ 0.191  0.037 -0.228]	-0.8920259472656265
5	['Pt', 'Pd', 'Au']	9	[0.245 0.578 0.177]	[ 0.117 -0.245  0.128]	-0.8865080859374979
6	['Pt', 'Pd', 'Au']	9	[0.326 0.263 0.411]	[ 0.064  0.172 -0.237]	-0.9617821875000018
1	['Pt', 'Pd', 'Au']	10	[0.515 0.45  0.033]	[ 0.114  0.111 -0.225]	-0.9382014355468712
2	['Pt', 'Pd', 'Au']	10	[0.472 0.223 0.306]	[ 0.034  0.001 -0.034]	-0.9966699316406262
3	['Pt', 'Pd', 'Au']	10	[0.082 0.513 0.405]	[-0.166  0.136  0.03 ]	-0.6573124707031224
4	['Pt', 'Pd', 'Au']	10	[0.678 0.011 0.311]	[-0.209 -0.005  0.215]	-0.9229029296875021
5	['Pt', 'Pd', 'Au']	10	[0.204 0.751 0.045]	[-0.041  0.173 -0.132]	-0.8761324218749967
6	['Pt', 'Pd', 'Au']	10	[0.301 0.114 0.586]	[-0.025 -0.149  0.175]	-0.8253121777343772
1	['Pt', 'Pd', 'Au']	11	[0.417 0.305 0.276]	[-0.098 -0.145  0.243]	-1.0277049999999979
2	['Pt', 'Pd', 'Au']	11	[0.568 0.105 0.328]	[ 0.096 -0.118  0.022]	-0.9311322851562523
3	['Pt', 'Pd', 'Au']	11	[0.298 0.305 0.397]	[ 0.216 -0.208 -0.008]	-0.971861376953125
4	['Pt', 'Pd', 'Au']	11	[0.724 0.034 0.242]	[ 0.046  0.023 -0.069]	-0.9111293750000017
5	['Pt', 'Pd', 'Au']	11	[0.19  0.546 0.264]	[-0.014 -0.205  0.219]	-0.9694859277343733
6	['Pt', 'Pd', 'Au']	11	[0.378 0.246 0.377]	[ 0.077  0.132 -0.209]	-1.005284033203125
1	['Pt', 'Pd', 'Au']	12	[0.562 0.402 0.033]	[ 0.145  0.097 -0.243]	-0.9391415527343713
2	['Pt', 'Pd', 'Au']	12	[0.488 0.109 0.404]	[-0.08   0.004  0.076]	-0.9305516601562517
3	['Pt', 'Pd', 'Au']	12	[0.202 0.425 0.373]	[-0.096  0.12  -0.024]	-0.9410271972656249
4	['Pt', 'Pd', 'Au']	12	[0.644 0.036 0.32 ]	[-0.111  0.028  0.082]	-0.9240070898437521
5	['Pt', 'Pd', 'Au']	12	[0.178 0.7   0.122]	[-0.012  0.154 -0.142]	-0.8979616796874964
6	['Pt', 'Pd', 'Au']	12	[0.36  0.102 0.539]	[-0.018 -0.144  0.162]	-0.9179491406250015
1	['Pt', 'Pd', 'Au']	13	[0.412 0.309 0.276]	[-0.15  -0.093  0.243]	-1.0277049999999979
2	['Pt', 'Pd', 'Au']	13	[0.666 0.061 0.275]	[ 0.178 -0.048 -0.129]	-0.9191248535156271
3	['Pt', 'Pd', 'Au']	13	[0.239 0.43  0.331]	[ 0.037  0.005 -0.042]	-0.9411434375000002
4	['Pt', 'Pd', 'Au']	13	[0.626 0.036 0.338]	[-0.018 -0.     0.018]	-0.913668310546877
5	['Pt', 'Pd', 'Au']	13	[0.212 0.568 0.22 ]	[ 0.034 -0.132  0.098]	-0.9254646289062487
6	['Pt', 'Pd', 'Au']	13	[0.367 0.213 0.421]	[ 0.007  0.111 -0.118]	-0.9802911816406251
1	['Pt', 'Pd', 'Au']	14	[0.505 0.405 0.086]	[ 0.093  0.096 -0.19 ]	-0.9539794824218715
2	['Pt', 'Pd', 'Au']	14	[0.485 0.082 0.436]	[-0.181  0.021  0.161]	-0.9129121093750013
3	['Pt', 'Pd', 'Au']	14	[0.205 0.478 0.317]	[-0.034  0.048 -0.014]	-0.95330603515625
4	['Pt', 'Pd', 'Au']	14	[0.603 0.079 0.318]	[-0.023  0.043 -0.02 ]	-0.9255004785156273
5	['Pt', 'Pd', 'Au']	14	[0.242 0.728 0.03 ]	[ 0.03  0.16 -0.19]	-0.8734087011718717
6	['Pt', 'Pd', 'Au']	14	[0.397 0.167 0.437]	[ 0.03  -0.046  0.016]	-0.9761684472656241
1	['Pt', 'Pd', 'Au']	15	[0.348 0.396 0.252]	[-0.157 -0.009  0.166]	-1.0232684277343733
2	['Pt', 'Pd', 'Au']	15	[0.596 0.149 0.258]	[ 0.111  0.067 -0.178]	-0.9857344531250006
3	['Pt', 'Pd', 'Au']	15	[0.278 0.454 0.268]	[ 0.073 -0.024 -0.049]	-0.9720901757812492
4	['Pt', 'Pd', 'Au']	15	[0.64  0.022 0.337]	[-0.023  0.097 -0.074]	-0.913090644531252
5	['Pt', 'Pd', 'Au']	15	[0.246 0.54  0.213]	[ 0.004 -0.188  0.183]	-0.9034437402343731
6	['Pt', 'Pd', 'Au']	15	[0.29  0.254 0.458]	[-0.107  0.087  0.021]	-0.9432425585937525
1	['Pt', 'Pd', 'Au']	16	[0.437 0.461 0.098]	[ 0.089  0.065 -0.154]	-0.9538670312499967
2	['Pt', 'Pd', 'Au']	16	[0.558 0.063 0.381]	[-0.038 -0.086  0.123]	-0.9132631835937514
3	['Pt', 'Pd', 'Au']	16	[0.311 0.408 0.281]	[ 0.033 -0.046  0.013]	-0.987160947265624
4	['Pt', 'Pd', 'Au']	16	[0.502 0.057 0.44 ]	[-0.151  0.03   0.121]	-0.9119556738281263
5	['Pt', 'Pd', 'Au']	16	[0.216 0.73  0.052]	[-0.03   0.19  -0.161]	-0.8739991601562469
6	['Pt', 'Pd', 'Au']	16	[0.529 0.181 0.292]	[ 0.239 -0.073 -0.166]	-0.9888183007812505
1	['Pt', 'Pd', 'Au']	17	[0.323 0.433 0.24 ]	[-0.114 -0.028  0.142]	-0.9823492871093737
2	['Pt', 'Pd', 'Au']	17	[0.569 0.078 0.355]	[ 0.011  0.015 -0.026]	-0.9108847070312516
3	['Pt', 'Pd', 'Au']	17	[0.261 0.558 0.181]	[-0.05  0.15 -0.1 ]	-0.8962427929687482
4	['Pt', 'Pd', 'Au']	17	[0.583 0.066 0.35 ]	[ 0.081  0.009 -0.09 ]	-0.9104868847656263
5	['Pt', 'Pd', 'Au']	17	[0.31  0.487 0.201]	[ 0.094 -0.243  0.149]	-0.925866503906248
6	['Pt', 'Pd', 'Au']	17	[0.355 0.222 0.425]	[-0.174  0.041  0.133]	-0.9835402343750002
1	['Pt', 'Pd', 'Au']	18	[0.345 0.554 0.096]	[ 0.022  0.121 -0.144]	-0.9356227343749964
2	['Pt', 'Pd', 'Au']	18	[0.407 0.079 0.516]	[-0.162  0.001  0.161]	-0.9125095410156263
3	['Pt', 'Pd', 'Au']	18	[0.408 0.315 0.278]	[ 0.147 -0.243  0.097]	-1.0277070214843729
4	['Pt', 'Pd', 'Au']	18	[0.582 0.17  0.247]	[-0.001  0.104 -0.103]	-0.9860492578125004
5	['Pt', 'Pd', 'Au']	18	[0.128 0.674 0.196]	[-0.182  0.187 -0.005]	-0.718479238281247
6	['Pt', 'Pd', 'Au']	18	[0.571 0.154 0.277]	[ 0.216 -0.068 -0.148]	-0.9844515234375003
1	['Pt', 'Pd', 'Au']	19	[0.237 0.428 0.33 ]	[-0.108 -0.126  0.234]	-0.9407890820312501
2	['Pt', 'Pd', 'Au']	19	[0.589 0.13  0.283]	[ 0.182  0.051 -0.233]	-1.0035525585937528
3	['Pt', 'Pd', 'Au']	19	[0.239 0.516 0.246]	[-0.169  0.201 -0.032]	-0.9542068261718737
4	['Pt', 'Pd', 'Au']	19	[0.71  0.061 0.228]	[ 0.128 -0.109 -0.019]	-0.9106780566406267
5	['Pt', 'Pd', 'Au']	19	[0.302 0.438 0.258]	[ 0.174 -0.236  0.062]	-0.9811906347656243
6	['Pt', 'Pd', 'Au']	19	[0.402 0.221 0.379]	[-0.169  0.067  0.102]	-0.9829806347656252
1	['Pt', 'Pd', 'Au']	20	[0.352 0.558 0.085]	[ 0.115  0.13  -0.245]	-0.9449730371093712
2	['Pt', 'Pd', 'Au']	20	[0.386 0.113 0.503]	[-0.203 -0.017  0.22 ]	-0.9312831250000017
3	['Pt', 'Pd', 'Au']	20	[0.399 0.275 0.327]	[ 0.16  -0.241  0.081]	-1.0056068164062508
4	['Pt', 'Pd', 'Au']	20	[0.627 0.195 0.177]	[-0.083  0.134 -0.051]	-0.9555266210937498
5	['Pt', 'Pd', 'Au']	20	[0.114 0.668 0.216]	[-0.188  0.23  -0.042]	-0.709117792968747
6	['Pt', 'Pd', 'Au']	20	[0.568 0.154 0.281]	[ 0.166 -0.067 -0.098]	-0.9844212890625004
